MEME version 4

ALPHABET= ACGU

strands: + -

Background letter frequencies
A 0.25 C 0.25 G 0.25 U 0.25

MOTIF filter0
letter-probability matrix: alength= 4 w= 16 
0.1903114186851211	0.03460207612456748	0.7197231833910035	0.05536332179930796
0.14776632302405499	0.010309278350515464	0.5945017182130584	0.24742268041237114
0.20618556701030927	0.19243986254295534	0.49828178694158076	0.10309278350515463
0.037800687285223365	0.21305841924398625	0.2268041237113402	0.5223367697594502
0.037800687285223365	0.563573883161512	0.3436426116838488	0.054982817869415807
0.12027491408934708	0.2508591065292096	0.13402061855670103	0.4948453608247423
0.020618556701030927	0.06529209621993128	0.43986254295532645	0.4742268041237113
0.5463917525773195	0.22336769759450173	0.020618556701030927	0.20962199312714777
0.18900343642611683	0.20962199312714777	0.6013745704467354	0.0
0.024054982817869417	0.12714776632302405	0.0	0.8487972508591065
0.0	0.8109965635738832	0.18556701030927836	0.003436426116838488
0.23711340206185566	0.48109965635738833	0.044673539518900345	0.23711340206185566
0.3848797250859107	0.03436426116838488	0.570446735395189	0.010309278350515464
0.0859106529209622	0.0	0.8350515463917526	0.07903780068728522
0.0	0.0	0.9862542955326461	0.013745704467353952
0.0035087719298245615	0.0035087719298245615	0.6526315789473685	0.34035087719298246

MOTIF filter1
letter-probability matrix: alength= 4 w= 16 
0.0	0.9552238805970149	0.041044776119402986	0.0037313432835820895
0.0	0.0	0.7126865671641791	0.2873134328358209
0.35074626865671643	0.12313432835820895	0.2537313432835821	0.27238805970149255
0.08208955223880597	0.34701492537313433	0.011194029850746268	0.5597014925373134
0.34328358208955223	0.033582089552238806	0.0	0.6231343283582089
0.41044776119402987	0.5373134328358209	0.0	0.05223880597014925
0.20522388059701493	0.5634328358208955	0.022388059701492536	0.208955223880597
0.10820895522388059	0.7350746268656716	0.007462686567164179	0.14925373134328357
0.1865671641791045	0.19029850746268656	0.08208955223880597	0.5410447761194029
0.22761194029850745	0.5708955223880597	0.0037313432835820895	0.19776119402985073
0.05223880597014925	0.2947761194029851	0.011194029850746268	0.6417910447761194
0.15671641791044777	0.4291044776119403	0.27611940298507465	0.13805970149253732
0.04477611940298507	0.0037313432835820895	0.6305970149253731	0.3208955223880597
0.007462686567164179	0.458955223880597	0.43283582089552236	0.10074626865671642
0.0	0.0037313432835820895	0.7276119402985075	0.26865671641791045
0.4772727272727273	0.0	0.015151515151515152	0.5075757575757576

MOTIF filter2
letter-probability matrix: alength= 4 w= 16 
0.05698529411764706	0.5533088235294118	0.03216911764705882	0.35753676470588236
0.3235294117647059	0.3180147058823529	0.25183823529411764	0.10661764705882353
0.5850091407678245	0.031992687385740404	0.0	0.3829981718464351
0.9315068493150684	0.0018264840182648401	0.033789954337899546	0.03287671232876712
0.6493150684931507	0.017351598173515982	0.11689497716894977	0.21643835616438356
0.10776255707762557	0.1589041095890411	0.5242009132420091	0.2091324200913242
0.17168949771689498	0.5214611872146119	0.2319634703196347	0.07488584474885844
0.021004566210045664	0.005479452054794521	0.897716894977169	0.07579908675799087
0.0	0.21095890410958903	0.09771689497716896	0.691324200913242
0.028310502283105023	0.3223744292237443	0.308675799086758	0.3406392694063927
0.1872146118721461	0.3141552511415525	0.46301369863013697	0.03561643835616438
0.2557077625570776	0.17442922374429223	0.02009132420091324	0.5497716894977169
0.5872146118721461	0.023744292237442923	0.37625570776255707	0.012785388127853882
0.25481209899175067	0.07974335472043996	0.06232813932172319	0.6031164069660861
0.013888888888888888	0.41944444444444445	0.05462962962962963	0.5120370370370371
0.24656188605108054	0.2013752455795678	0.3379174852652259	0.21414538310412573

MOTIF filter3
letter-probability matrix: alength= 4 w= 16 
0.87107677450507	0.0009657170449058426	0.09608884596813133	0.0318686624818928
0.09946885562530179	0.0	0.36407532592950265	0.5364558184451955
0.7679691268692715	0.06705258080077182	0.05788712011577424	0.10709117221418235
0.00723589001447178	0.14616497829232997	0.15822479498311626	0.688374336710082
0.08297153883260974	0.3154848046309696	0.20742884708152437	0.3941148094548963
0.7168355041003377	0.09937288953207911	0.1799324650265316	0.003859141341051616
0.4370477568740955	0.013989387361312108	0.48191027496382055	0.06705258080077182
0.16546068499758804	0.17607332368547998	0.20791123974915582	0.4505547515677762
0.1577424023154848	0.32947419199228173	0.15195369030390737	0.3608297153883261
0.13603473227206947	0.4081041968162084	0.0361794500723589	0.4196816208393632
0.6015436565364206	0.2855764592378196	0.022672455378678243	0.09020742884708152
0.1890979257115292	0.02942595272551857	0.39990352146647373	0.38157260009647853
0.020260492040520984	0.7771345875542692	0.17655571635311143	0.02604920405209841
0.2783405692233478	0.44042450554751567	0.2011577424023155	0.08007718282682104
0.42084942084942084	0.0028957528957528956	0.5207528957528957	0.0555019305019305
0.5869459327812957	0.0	0.1768144179249878	0.23623964929371652

MOTIF filter4
letter-probability matrix: alength= 4 w= 16 
0.7653631284916201	0.03910614525139665	0.0335195530726257	0.16201117318435754
0.12290502793296089	0.26256983240223464	0.6145251396648045	0.0
0.9836065573770492	0.00546448087431694	0.0	0.01092896174863388
0.14754098360655737	0.3825136612021858	0.453551912568306	0.01639344262295082
0.04918032786885246	0.0	0.6994535519125683	0.25136612021857924
0.0	0.00546448087431694	0.28415300546448086	0.7103825136612022
0.18579234972677597	0.0	0.6775956284153005	0.1366120218579235
0.06557377049180328	0.0546448087431694	0.32786885245901637	0.5519125683060109
0.0546448087431694	0.0	0.8961748633879781	0.04918032786885246
0.3551912568306011	0.06557377049180328	0.29508196721311475	0.28415300546448086
0.04918032786885246	0.0	0.9180327868852459	0.03278688524590164
0.6338797814207651	0.00546448087431694	0.11475409836065574	0.2459016393442623
0.01092896174863388	0.07103825136612021	0.8087431693989071	0.1092896174863388
0.6994535519125683	0.15846994535519127	0.14207650273224043	0.0
0.287292817679558	0.39779005524861877	0.2265193370165746	0.08839779005524862
0.12429378531073447	0.3163841807909605	0.5480225988700564	0.011299435028248588

MOTIF filter5
letter-probability matrix: alength= 4 w= 16 
0.11634756995581738	0.654639175257732	0.18483063328424154	0.044182621502209134
0.05817378497790869	0.8814432989690721	0.035346097201767304	0.025036818851251842
0.06701030927835051	0.9005891016200295	0.003681885125184094	0.028718703976435934
0.41973490427098675	0.16126656848306334	0.23122238586156113	0.1877761413843888
0.15390279823269515	0.03240058910162003	0.6273932253313697	0.18630338733431517
0.27319587628865977	0.016936671575846832	0.09867452135493372	0.6111929307805597
0.0898379970544919	0.009572901325478646	0.09278350515463918	0.8078055964653903
0.33063328424153166	0.013254786450662739	0.0029455081001472753	0.6531664212076583
0.25257731958762886	0.03829160530191458	0.055964653902798235	0.6531664212076583
0.021354933726067747	0.43004418262150224	0.13917525773195877	0.40942562592047127
0.17304860088365243	0.5	0.0508100147275405	0.2761413843888071
0.3835920177383592	0.3473762010347376	0.004434589800443459	0.2645971914264597
0.49032738095238093	0.3958333333333333	0.024553571428571428	0.08928571428571429
0.45584905660377356	0.3192452830188679	0.09509433962264151	0.129811320754717
0.2741078208048595	0.15186028853454822	0.3143507972665148	0.25968109339407747
0.13725490196078433	0.18509803921568627	0.23137254901960785	0.4462745098039216

MOTIF filter6
letter-probability matrix: alength= 4 w= 16 
0.9666666666666667	0.006666666666666667	0.016666666666666666	0.01
0.0	0.2833333333333333	0.0	0.7166666666666667
0.79	0.0	0.0	0.21
0.01	0.043333333333333335	0.0033333333333333335	0.9433333333333334
0.74	0.01	0.11333333333333333	0.13666666666666666
0.57	0.30333333333333334	0.09333333333333334	0.03333333333333333
0.14666666666666667	0.05333333333333334	0.66	0.14
0.5733333333333334	0.03	0.2	0.19666666666666666
0.1	0.4533333333333333	0.06333333333333334	0.38333333333333336
0.58	0.22333333333333333	0.056666666666666664	0.14
0.37	0.24333333333333335	0.3433333333333333	0.043333333333333335
0.013333333333333334	0.5133333333333333	0.43333333333333335	0.04
0.43	0.023333333333333334	0.36666666666666664	0.18
0.010067114093959731	0.7348993288590604	0.087248322147651	0.16778523489932887
0.511864406779661	0.06440677966101695	0.07457627118644068	0.34915254237288135
0.22569444444444445	0.25	0.3993055555555556	0.125

MOTIF filter7
letter-probability matrix: alength= 4 w= 16 
0.9060773480662984	0.03314917127071823	0.03867403314917127	0.022099447513812154
0.4842105263157895	0.010526315789473684	0.4842105263157895	0.021052631578947368
0.11052631578947368	0.0	0.6842105263157895	0.20526315789473684
0.0	0.3526315789473684	0.39473684210526316	0.25263157894736843
0.11052631578947368	0.3473684210526316	0.010526315789473684	0.531578947368421
0.4421052631578947	0.02631578947368421	0.5263157894736842	0.005263157894736842
0.0	0.7263157894736842	0.021052631578947368	0.25263157894736843
0.04736842105263158	0.7105263157894737	0.2	0.042105263157894736
0.09473684210526316	0.24210526315789474	0.6157894736842106	0.04736842105263158
0.005263157894736842	0.005263157894736842	0.02631578947368421	0.9631578947368421
0.22631578947368422	0.22105263157894736	0.24736842105263157	0.30526315789473685
0.7842105263157895	0.08947368421052632	0.12631578947368421	0.0
0.5210526315789473	0.031578947368421054	0.06842105263157895	0.37894736842105264
0.4631578947368421	0.18947368421052632	0.1631578947368421	0.18421052631578946
0.03684210526315789	0.0	0.7473684210526316	0.21578947368421053
0.047619047619047616	0.17989417989417988	0.7619047619047619	0.010582010582010581

MOTIF filter8
letter-probability matrix: alength= 4 w= 16 
0.06896551724137931	0.0	0.9281609195402298	0.0028735632183908046
0.41359773371104813	0.0	0.0	0.5864022662889519
0.06940509915014165	0.22804532577903683	0.6756373937677054	0.026912181303116147
0.43201133144475923	0.08073654390934844	0.015580736543909348	0.471671388101983
0.5240793201133145	0.45325779036827196	0.0113314447592068	0.0113314447592068
0.48158640226628896	0.039660056657223795	0.00424929178470255	0.4745042492917847
0.18980169971671387	0.32577903682719545	0.22096317280453256	0.26345609065155806
0.5637393767705382	0.015580736543909348	0.3385269121813031	0.0821529745042493
0.7563739376770539	0.012747875354107648	0.10764872521246459	0.12322946175637393
0.5396600566572238	0.00424929178470255	0.4348441926345609	0.021246458923512748
0.09915014164305949	0.026912181303116147	0.4065155807365439	0.46742209631728043
0.032577903682719546	0.11614730878186968	0.7648725212464589	0.08640226628895184
0.32011331444759206	0.009915014164305949	0.45609065155807366	0.21388101983002833
0.31285714285714283	0.015714285714285715	0.16285714285714287	0.5085714285714286
0.382183908045977	0.040229885057471264	0.1206896551724138	0.45689655172413796
0.28718703976435933	0.23564064801178203	0.4536082474226804	0.023564064801178203

MOTIF filter9
letter-probability matrix: alength= 4 w= 16 
0.985239852398524	0.00922509225092251	0.0027675276752767526	0.0027675276752767526
0.16515426497277677	0.6088929219600726	0.0426497277676951	0.18330308529945555
0.27041742286751363	0.022686025408348458	0.6724137931034483	0.034482758620689655
0.808529945553539	0.007259528130671506	0.016333938294010888	0.16787658802177857
0.06352087114337568	0.4691470054446461	0.011796733212341199	0.455535390199637
0.034482758620689655	0.05716878402903811	0.279491833030853	0.6288566243194192
0.4981851179673321	0.11705989110707804	0.2577132486388385	0.12704174228675136
0.7867513611615246	0.06715063520871144	0.017241379310344827	0.12885662431941924
0.047186932849364795	0.09528130671506352	0.24773139745916514	0.6098003629764065
0.06715063520871144	0.27858439201451907	0.3294010889292196	0.3248638838475499
0.27404718693284935	0.05172413793103448	0.6197822141560798	0.0544464609800363
0.29491833030852993	0.41742286751361163	0.23502722323049002	0.05263157894736842
0.2609090909090909	0.3709090909090909	0.20363636363636364	0.16454545454545455
0.018281535648994516	0.6206581352833638	0.17184643510054845	0.18921389396709323
0.17463235294117646	0.3795955882352941	0.02665441176470588	0.41911764705882354
0.37134778510838834	0.016965127238454288	0.08765315739868049	0.5240339302544769

MOTIF filter10
letter-probability matrix: alength= 4 w= 16 
0.9262295081967213	0.0	0.0	0.07377049180327869
0.6065573770491803	0.0	0.3524590163934426	0.040983606557377046
0.0	0.5409836065573771	0.21311475409836064	0.2459016393442623
0.0	0.05737704918032787	0.11475409836065574	0.8278688524590164
0.06557377049180328	0.7459016393442623	0.00819672131147541	0.18032786885245902
0.00819672131147541	0.16393442622950818	0.7131147540983607	0.11475409836065574
0.03278688524590164	0.7868852459016393	0.01639344262295082	0.16393442622950818
0.0	0.8032786885245902	0.05737704918032787	0.13934426229508196
0.07377049180327869	0.28688524590163933	0.639344262295082	0.0
0.040983606557377046	0.8032786885245902	0.04918032786885246	0.10655737704918032
0.23770491803278687	0.6639344262295082	0.04918032786885246	0.04918032786885246
0.6639344262295082	0.27049180327868855	0.040983606557377046	0.02459016393442623
0.06557377049180328	0.13934426229508196	0.5655737704918032	0.22950819672131148
0.20491803278688525	0.00819672131147541	0.21311475409836064	0.5737704918032787
0.06722689075630252	0.42016806722689076	0.5042016806722689	0.008403361344537815
0.11504424778761062	0.5132743362831859	0.17699115044247787	0.19469026548672566

MOTIF filter11
letter-probability matrix: alength= 4 w= 16 
0.17073170731707318	0.12330623306233063	0.5880758807588076	0.11788617886178862
0.026881720430107527	0.18010752688172044	0.5443548387096774	0.24865591397849462
0.31586021505376344	0.11155913978494623	0.5336021505376344	0.038978494623655914
0.375	0.3131720430107527	0.04973118279569892	0.2620967741935484
0.0013440860215053765	0.9086021505376344	0.01747311827956989	0.07258064516129033
0.18951612903225806	0.1814516129032258	0.08064516129032258	0.5483870967741935
0.4650537634408602	0.32661290322580644	0.07123655913978495	0.13709677419354838
0.15188172043010753	0.1424731182795699	0.06720430107526881	0.6384408602150538
0.34274193548387094	0.25268817204301075	0.1532258064516129	0.2513440860215054
0.3548387096774194	0.08333333333333333	0.12634408602150538	0.43548387096774194
0.1814516129032258	0.18413978494623656	0.5161290322580645	0.11827956989247312
0.29973118279569894	0.5470430107526881	0.13306451612903225	0.020161290322580645
0.005376344086021506	0.6505376344086021	0.3172043010752688	0.026881720430107527
0.0013440860215053765	0.989247311827957	0.009408602150537635	0.0
0.08344549125168237	0.07671601615074024	0.0013458950201884253	0.8384925975773889
0.09153005464480875	0.01912568306010929	0.025956284153005466	0.8633879781420765

MOTIF filter12
letter-probability matrix: alength= 4 w= 16 
0.6555555555555556	0.1111111111111111	0.22777777777777777	0.005555555555555556
0.03333333333333333	0.2833333333333333	0.6777777777777778	0.005555555555555556
0.09444444444444444	0.5333333333333333	0.35555555555555557	0.016666666666666666
0.3277777777777778	0.4888888888888889	0.0	0.18333333333333332
0.40555555555555556	0.4	0.027777777777777776	0.16666666666666666
0.06111111111111111	0.7166666666666667	0.2	0.022222222222222223
0.7	0.05555555555555555	0.03888888888888889	0.20555555555555555
0.011111111111111112	0.9555555555555556	0.027777777777777776	0.005555555555555556
0.8722222222222222	0.011111111111111112	0.0	0.11666666666666667
0.11666666666666667	0.15555555555555556	0.044444444444444446	0.6833333333333333
0.05	0.45	0.011111111111111112	0.4888888888888889
0.16666666666666666	0.016666666666666666	0.65	0.16666666666666666
0.05555555555555555	0.05	0.8888888888888888	0.005555555555555556
0.7921348314606742	0.20786516853932585	0.0	0.0
0.1534090909090909	0.3977272727272727	0.09090909090909091	0.35795454545454547
0.3273809523809524	0.23214285714285715	0.35714285714285715	0.08333333333333333

MOTIF filter13
letter-probability matrix: alength= 4 w= 16 
0.038461538461538464	0.08846153846153847	0.7461538461538462	0.12692307692307692
0.007692307692307693	0.2	0.6961538461538461	0.09615384615384616
0.011538461538461539	0.7884615384615384	0.15	0.05
0.19615384615384615	0.5115384615384615	0.12307692307692308	0.16923076923076924
0.4230769230769231	0.27307692307692305	0.04230769230769231	0.26153846153846155
0.7153846153846154	0.057692307692307696	0.09230769230769231	0.1346153846153846
0.9038461538461539	0.019230769230769232	0.07692307692307693	0.0
0.19230769230769232	0.015384615384615385	0.5884615384615385	0.20384615384615384
0.0038461538461538464	0.49230769230769234	0.23076923076923078	0.27307692307692305
0.007692307692307693	0.5807692307692308	0.05	0.36153846153846153
0.019230769230769232	0.057692307692307696	0.25769230769230766	0.6653846153846154
0.2230769230769231	0.17307692307692307	0.5346153846153846	0.06923076923076923
0.4846153846153846	0.026923076923076925	0.011538461538461539	0.47692307692307695
0.8192307692307692	0.019230769230769232	0.038461538461538464	0.12307692307692308
0.0	0.1423076923076923	0.34615384615384615	0.5115384615384615
0.0234375	0.0	0.16015625	0.81640625

MOTIF filter14
letter-probability matrix: alength= 4 w= 16 
0.06763285024154589	0.12439613526570048	0.0785024154589372	0.7294685990338164
0.5529411764705883	0.07593582887700535	0.04171122994652406	0.32941176470588235
0.3884964682139253	0.13925327951564076	0.3218970736629667	0.1503531786074672
0.43693239152371344	0.026236125126135216	0.3410696266397578	0.19576185671039353
0.2472250252270434	0.09687184661957618	0.6175580221997982	0.03834510595358224
0.0	0.6437941473259334	0.004036326942482341	0.3521695257315843
0.17860746720484358	0.17255297679112008	0.6024217961654894	0.04641775983854692
0.5388496468213926	0.11301715438950555	0.018163471241170535	0.32996972754793136
0.08375378405650857	0.10393541876892028	0.508577194752775	0.30373360242179614
0.09788092835519677	0.6014127144298688	0.2129162462159435	0.08779011099899092
0.008072653884964682	0.07568113017154389	0.6478304742684158	0.2684157416750757
0.0	0.8668012108980827	0.12209889001009082	0.011099899091826439
0.0	0.03632694248234107	0.7285570131180625	0.23511604439959638
0.028311425682507583	0.31749241658240646	0.03640040444893832	0.6177957532861477
0.10344827586206896	0.09432048681541583	0.2606490872210953	0.5415821501014199
0.3975409836065574	0.0020491803278688526	0.005122950819672131	0.5952868852459017

MOTIF filter15
letter-probability matrix: alength= 4 w= 16 
0.0625	0.2941810344827586	0.3793103448275862	0.2640086206896552
0.521875	0.3145833333333333	0.026041666666666668	0.1375
0.178125	0.13541666666666666	0.25833333333333336	0.428125
0.20686070686070687	0.5675675675675675	0.11954261954261955	0.10602910602910603
0.009355509355509356	0.17775467775467776	0.07796257796257797	0.7349272349272349
0.21933471933471935	0.262993762993763	0.28586278586278585	0.23180873180873182
0.06756756756756757	0.036382536382536385	0.7910602910602911	0.104989604989605
0.02182952182952183	0.8866943866943867	0.02182952182952183	0.06964656964656965
0.061330561330561334	0.7058212058212058	0.10395010395010396	0.1288981288981289
0.030145530145530147	0.15072765072765074	0.24220374220374222	0.5769230769230769
0.34303534303534305	0.579002079002079	0.016632016632016633	0.061330561330561334
0.058212058212058215	0.05301455301455302	0.033264033264033266	0.8555093555093555
0.23309053069719043	0.6805411030176899	0.003121748178980229	0.08324661810613944
0.7395397489539749	0.027196652719665274	0.11401673640167365	0.1192468619246862
0.09157894736842105	0.6105263157894737	0.24526315789473685	0.05263157894736842
0.4216335540838852	0.0772626931567329	0.45253863134657835	0.04856512141280353

MOTIF filter16
letter-probability matrix: alength= 4 w= 16 
0.4481792717086835	0.014005602240896359	0.5042016806722689	0.03361344537815126
0.09863013698630137	0.021917808219178082	0.8712328767123287	0.00821917808219178
0.4385026737967914	0.01871657754010695	0.5294117647058824	0.013368983957219251
0.06684491978609626	0.06951871657754011	0.8101604278074866	0.053475935828877004
0.393048128342246	0.040106951871657755	0.5133689839572193	0.053475935828877004
0.15240641711229946	0.13101604278074866	0.56951871657754	0.14705882352941177
0.09090909090909091	0.0	0.9090909090909091	0.0
0.0	0.0	1.0	0.0
0.3449197860962567	0.00267379679144385	0.6443850267379679	0.008021390374331552
0.24064171122994651	0.21657754010695188	0.3502673796791444	0.1925133689839572
0.4786096256684492	0.07754010695187166	0.36363636363636365	0.08021390374331551
0.12566844919786097	0.14705882352941177	0.6978609625668449	0.029411764705882353
0.0374331550802139	0.053475935828877004	0.8716577540106952	0.0374331550802139
0.07526881720430108	0.09946236559139784	0.7849462365591398	0.04032258064516129
0.15258855585831063	0.20708446866485014	0.4141689373297003	0.22615803814713897
0.14127423822714683	0.32409972299168976	0.29916897506925205	0.23545706371191136

MOTIF filter17
letter-probability matrix: alength= 4 w= 16 
0.0	0.45925925925925926	0.4888888888888889	0.05185185185185185
0.5534591194968553	0.22012578616352202	0.11320754716981132	0.11320754716981132
0.0440251572327044	0.0440251572327044	0.660377358490566	0.25157232704402516
0.6956521739130435	0.10559006211180125	0.19875776397515527	0.0
0.0	0.06832298136645963	0.13043478260869565	0.8012422360248447
0.8385093167701864	0.0	0.07453416149068323	0.08695652173913043
0.0	0.43478260869565216	0.018633540372670808	0.546583850931677
0.2670807453416149	0.36645962732919257	0.36645962732919257	0.0
0.049689440993788817	0.062111801242236024	0.6335403726708074	0.2546583850931677
0.06832298136645963	0.049689440993788817	0.8260869565217391	0.055900621118012424
0.18012422360248448	0.055900621118012424	0.7639751552795031	0.0
0.7763975155279503	0.0	0.18012422360248448	0.043478260869565216
0.006211180124223602	0.6583850931677019	0.2919254658385093	0.043478260869565216
0.037267080745341616	0.6956521739130435	0.2360248447204969	0.031055900621118012
0.11801242236024845	0.8757763975155279	0.006211180124223602	0.0
0.19480519480519481	0.6818181818181818	0.01948051948051948	0.1038961038961039

MOTIF filter18
letter-probability matrix: alength= 4 w= 16 
0.0	0.25868725868725867	0.02702702702702703	0.7142857142857143
0.8262548262548263	0.15444015444015444	0.019305019305019305	0.0
0.0694980694980695	0.13513513513513514	0.003861003861003861	0.7915057915057915
0.15057915057915058	0.1969111969111969	0.3359073359073359	0.3166023166023166
0.0	0.5482625482625483	0.138996138996139	0.3127413127413127
0.7992277992277992	0.07335907335907337	0.05019305019305019	0.07722007722007722
0.13127413127413126	0.14285714285714285	0.2277992277992278	0.4980694980694981
0.015444015444015444	0.3552123552123552	0.6138996138996139	0.015444015444015444
0.3281853281853282	0.015444015444015444	0.6447876447876448	0.011583011583011582
0.3745173745173745	0.03088803088803089	0.5868725868725869	0.007722007722007722
0.08108108108108109	0.003861003861003861	0.22007722007722008	0.694980694980695
0.33976833976833976	0.6177606177606177	0.03474903474903475	0.007722007722007722
0.03088803088803089	0.03861003861003861	0.4749034749034749	0.4555984555984556
0.7945736434108527	0.011627906976744186	0.17829457364341086	0.015503875968992248
0.01171875	0.453125	0.046875	0.48828125
0.064	0.248	0.356	0.332

MOTIF filter19
letter-probability matrix: alength= 4 w= 16 
0.7331189710610932	0.011254019292604502	0.24115755627009647	0.014469453376205787
0.5585874799357945	0.17335473515248795	0.17335473515248795	0.09470304975922954
0.014446227929373997	0.2953451043338684	0.038523274478330656	0.651685393258427
0.33386837881219905	0.08346709470304976	0.37720706260032105	0.20545746388443017
0.6404494382022472	0.23595505617977527	0.04654895666131621	0.07704654895666131
0.09791332263242375	0.3467094703049759	0.03691813804173355	0.5184590690208668
0.3611556982343499	0.06420545746388442	0.3306581059390048	0.24398073836276082
0.5874799357945425	0.07704654895666131	0.3113964686998395	0.024077046548956663
0.20064205457463885	0.27287319422150885	0.2231139646869984	0.30337078651685395
0.9020866773675762	0.038523274478330656	0.030497592295345103	0.028892455858747994
0.21508828250401285	0.21669341894060995	0.4478330658105939	0.12038523274478331
0.0	0.9454253611556982	0.051364365971107544	0.0032102728731942215
0.5553772070626003	0.006420545746388443	0.024077046548956663	0.41412520064205455
0.07234726688102894	0.4678456591639871	0.4453376205787781	0.014469453376205787
0.927536231884058	0.05636070853462158	0.00644122383252818	0.00966183574879227
0.415973377703827	0.08319467554076539	0.4043261231281198	0.09650582362728785

MOTIF filter20
letter-probability matrix: alength= 4 w= 16 
0.40728318160038335	0.019166267369429803	0.3814087206516531	0.19214183037853377
0.24497607655502393	0.022488038277511963	0.21626794258373205	0.5162679425837321
0.4564932225623087	0.42282466112811545	0.03585483165719283	0.08482728465238304
0.015741145605596852	0.5085264538696983	0.4508089199825098	0.024923480542195016
0.6720594665500655	0.0	0.20419763882815917	0.12374289462177525
0.39265413205072147	0.0017490161783996502	0.020988194140795804	0.5846086576300831
0.4245736773065151	0.5754263226934849	0.0	0.0
0.0	0.04416265850459117	0.9435942282466113	0.012243113248797552
0.19982509838216003	0.03979011805859204	0.3305640577175339	0.42982072584171405
0.334936598163533	0.034980323567993	0.5662439877568868	0.06383909051158723
0.38871884564932224	0.48316571928290336	0.021862702229995628	0.10625273283777875
0.062144420131291025	0.12997811816192562	0.5820568927789934	0.22582056892778993
0.5723049956178791	0.2502191060473269	0.11393514460999124	0.0635407537248028
0.25232403718459495	0.12571934484285083	0.3023461708720673	0.3196104471004869
0.4099462365591398	0.14336917562724014	0.3194444444444444	0.12724014336917563
0.46464646464646464	0.02066115702479339	0.08723599632690542	0.42745638200183655

MOTIF filter21
letter-probability matrix: alength= 4 w= 16 
0.9047619047619048	0.023809523809523808	0.0	0.07142857142857142
0.041666666666666664	0.17261904761904762	0.7678571428571429	0.017857142857142856
0.9940476190476191	0.0	0.005952380952380952	0.0
0.125	0.03571428571428571	0.05952380952380952	0.7797619047619048
0.041666666666666664	0.875	0.023809523809523808	0.05952380952380952
0.9285714285714286	0.06547619047619048	0.0	0.005952380952380952
0.5535714285714286	0.11904761904761904	0.05357142857142857	0.27380952380952384
0.4523809523809524	0.4166666666666667	0.05952380952380952	0.07142857142857142
0.8928571428571429	0.09523809523809523	0.005952380952380952	0.005952380952380952
0.49404761904761907	0.011904761904761904	0.05952380952380952	0.43452380952380953
0.005952380952380952	0.1488095238095238	0.6785714285714286	0.16666666666666666
0.34523809523809523	0.2976190476190476	0.2976190476190476	0.05952380952380952
0.7440476190476191	0.07738095238095238	0.13095238095238096	0.047619047619047616
0.2754491017964072	0.04790419161676647	0.2874251497005988	0.38922155688622756
0.38323353293413176	0.041916167664670656	0.2634730538922156	0.31137724550898205
0.2857142857142857	0.16149068322981366	0.14285714285714285	0.40993788819875776

MOTIF filter22
letter-probability matrix: alength= 4 w= 16 
0.020833333333333332	0.06845238095238096	0.8541666666666666	0.05654761904761905
0.3649851632047478	0.0	0.5252225519287834	0.10979228486646884
0.011869436201780416	0.8516320474777448	0.11572700296735905	0.020771513353115726
0.0830860534124629	0.12166172106824925	0.22551928783382788	0.56973293768546
0.07418397626112759	0.18100890207715134	0.5637982195845698	0.18100890207715134
0.10682492581602374	0.7210682492581603	0.011869436201780416	0.16023738872403562
0.9169139465875371	0.0	0.008902077151335312	0.07418397626112759
0.0712166172106825	0.09792284866468842	0.8308605341246291	0.0
0.712166172106825	0.0712166172106825	0.008902077151335312	0.20771513353115728
0.16913946587537093	0.3649851632047478	0.17507418397626112	0.29080118694362017
0.39465875370919884	0.29673590504451036	0.09792284866468842	0.21068249258160238
0.1632047477744807	0.4065281899109792	0.050445103857566766	0.3798219584569733
0.10682492581602374	0.40059347181008903	0.41543026706231456	0.0771513353115727
0.5297619047619048	0.011904761904761904	0.08035714285714286	0.37797619047619047
0.020833333333333332	0.07142857142857142	0.7142857142857143	0.19345238095238096
0.01238390092879257	0.1021671826625387	0.09287925696594428	0.7925696594427245

MOTIF filter23
letter-probability matrix: alength= 4 w= 16 
0.4959083469721768	0.2602291325695581	0.20458265139116202	0.03927986906710311
0.42414355628058725	0.1729200652528548	0.2822185970636215	0.12071778140293637
0.22185970636215335	0.011419249592169658	0.037520391517128875	0.7292006525285482
0.24469820554649266	0.004893964110929853	0.0701468189233279	0.6802610114192496
0.12071778140293637	0.048939641109298535	0.0734094616639478	0.7569331158238173
0.18433931484502447	0.23817292006525284	0.33115823817292006	0.2463295269168026
0.06525285481239804	0.04567699836867863	0.8858075040783034	0.0032626427406199023
0.0032626427406199023	0.4910277324632953	0.5008156606851549	0.004893964110929853
0.13376835236541598	0.8548123980424144	0.004893964110929853	0.0065252854812398045
0.06688417618270799	0.8858075040783034	0.021207177814029365	0.026101141924959218
0.16150081566068517	0.3800978792822186	0.30505709624796085	0.1533442088091354
0.04404567699836868	0.0929853181076672	0.3181076672104405	0.5448613376835236
0.11745513866231648	0.4029363784665579	0.0766721044045677	0.4029363784665579
0.8981937602627258	0.011494252873563218	0.013136288998357963	0.07717569786535304
0.19966996699669967	0.6089108910891089	0.07260726072607261	0.1188118811881188
0.16751269035532995	0.38578680203045684	0.26903553299492383	0.17766497461928935

MOTIF filter24
letter-probability matrix: alength= 4 w= 16 
0.05377763114483669	0.42032332563510394	0.4724513361926757	0.053447707027383703
0.6121159919609532	0.10709158771174275	0.26299167384438704	0.017800746482917025
0.004019523399368361	0.11570485213896066	0.5644559287970141	0.3158196956646569
0.4131495836922193	0.02268159632500718	0.16795865633074936	0.3962101636520241
0.5385718382563809	0.32004588471465445	0.016919988528821338	0.12446228850014339
0.08115858904502438	0.1390880412962432	0.17809004875250933	0.6016633209062231
0.5405792945225122	0.2919414969888156	0.11385144823630627	0.05362776025236593
0.1505592199598509	0.5397189561227416	0.04674505305420132	0.2629767708632062
0.15199311729280185	0.19128190421565816	0.41496988815600805	0.24175509033553197
0.06481215944938343	0.10868941783768282	0.8001147117866361	0.02638371092629768
0.08517350157728706	0.06595927731574419	0.834241468310869	0.0146257527960998
0.576592082616179	0.1285140562248996	0.19965576592082615	0.09523809523809523
0.05083285468121769	0.8408960367604825	0.08730614589316485	0.02096496266513498
0.33410404624277457	0.07196531791907515	0.5315028901734105	0.06242774566473988
0.08862973760932945	0.5332361516034986	0.11049562682215744	0.26763848396501455
0.24436429215509467	0.07814848211602043	0.3504658851818455	0.32702134054703935

MOTIF filter25
letter-probability matrix: alength= 4 w= 16 
0.31210191082802546	0.19745222929936307	0.428343949044586	0.06210191082802548
0.030206677265500796	0.40063593004769477	0.22416534181240064	0.3449920508744038
0.21861152141802068	0.06646971935007386	0.17134416543574593	0.5435745937961596
0.12684365781710916	0.13716814159292035	0.4970501474926254	0.23893805309734514
0.7609970674486803	0.039589442815249266	0.12463343108504399	0.0747800586510264
0.1627565982404692	0.1495601173020528	0.6862170087976539	0.001466275659824047
0.0747800586510264	0.07038123167155426	0.24633431085043989	0.6085043988269795
0.0	0.9853372434017595	0.008797653958944282	0.005865102639296188
0.002932551319648094	0.1598240469208211	0.7580645161290323	0.07917888563049853
0.22727272727272727	0.22140762463343108	0.005865102639296188	0.5454545454545454
0.5219941348973607	0.08211143695014662	0.12609970674486803	0.2697947214076246
0.12023460410557185	0.07331378299120235	0.008797653958944282	0.7976539589442815
0.10410557184750734	0.1774193548387097	0.718475073313783	0.0
0.007342143906020558	0.00881057268722467	0.08076358296622614	0.9030837004405287
0.005934718100890208	0.327893175074184	0.39317507418397624	0.27299703264094954
0.29520865533230295	0.2009273570324575	0.2921174652241113	0.2117465224111283

MOTIF filter26
letter-probability matrix: alength= 4 w= 16 
0.7439024390243902	0.13414634146341464	0.036585365853658534	0.08536585365853659
0.0	0.0	1.0	0.0
0.012195121951219513	0.012195121951219513	0.975609756097561	0.0
1.0	0.0	0.0	0.0
0.7560975609756098	0.08536585365853659	0.06097560975609756	0.0975609756097561
1.0	0.0	0.0	0.0
0.0975609756097561	0.5609756097560976	0.2926829268292683	0.04878048780487805
0.036585365853658534	0.21951219512195122	0.5487804878048781	0.1951219512195122
0.3902439024390244	0.35365853658536583	0.0975609756097561	0.15853658536585366
0.45121951219512196	0.08536585365853659	0.3902439024390244	0.07317073170731707
0.12195121951219512	0.8170731707317073	0.024390243902439025	0.036585365853658534
0.6707317073170732	0.0	0.0	0.32926829268292684
0.14634146341463414	0.4024390243902439	0.32926829268292684	0.12195121951219512
0.13414634146341464	0.13414634146341464	0.3170731707317073	0.4146341463414634
0.06097560975609756	0.06097560975609756	0.43902439024390244	0.43902439024390244
0.10975609756097561	0.7560975609756098	0.06097560975609756	0.07317073170731707

MOTIF filter27
letter-probability matrix: alength= 4 w= 16 
0.15	0.36666666666666664	0.16666666666666666	0.31666666666666665
0.041666666666666664	0.6166666666666667	0.31666666666666665	0.025
0.008333333333333333	0.85	0.058333333333333334	0.08333333333333333
0.008333333333333333	0.9333333333333333	0.008333333333333333	0.05
0.0	0.9416666666666667	0.05	0.008333333333333333
0.0	0.975	0.016666666666666666	0.008333333333333333
0.0	1.0	0.0	0.0
0.06666666666666667	0.8	0.075	0.058333333333333334
0.05	0.475	0.11666666666666667	0.35833333333333334
0.25833333333333336	0.43333333333333335	0.075	0.23333333333333334
0.26666666666666666	0.008333333333333333	0.23333333333333334	0.49166666666666664
0.19166666666666668	0.24166666666666667	0.325	0.24166666666666667
0.06666666666666667	0.5	0.4166666666666667	0.016666666666666666
0.0	0.4666666666666667	0.2	0.3333333333333333
0.42016806722689076	0.0	0.0	0.5798319327731093
0.15315315315315314	0.13513513513513514	0.13513513513513514	0.5765765765765766

MOTIF filter28
letter-probability matrix: alength= 4 w= 16 
0.6259946949602122	0.09814323607427056	0.27055702917771884	0.005305039787798408
0.783375314861461	0.1486146095717884	0.0327455919395466	0.03526448362720403
0.3737864077669903	0.14320388349514562	0.1796116504854369	0.30339805825242716
0.4061032863849765	0.002347417840375587	0.5657276995305164	0.025821596244131457
0.17136150234741784	0.0	0.8051643192488263	0.023474178403755867
0.5516431924882629	0.13380281690140844	0.3145539906103286	0.0
0.15492957746478872	0.40375586854460094	0.03990610328638498	0.4014084507042254
0.011737089201877934	0.0	0.2605633802816901	0.7276995305164319
0.7769953051643192	0.0	0.2136150234741784	0.009389671361502348
0.011737089201877934	0.903755868544601	0.007042253521126761	0.07746478873239436
0.3403755868544601	0.0	0.009389671361502348	0.6502347417840375
0.1643192488262911	0.0	0.09624413145539906	0.7394366197183099
0.07511737089201878	0.002347417840375587	0.6924882629107981	0.2300469483568075
0.19002375296912113	0.30641330166270786	0.46080760095011875	0.04275534441805225
0.22966507177033493	0.16267942583732056	0.5311004784688995	0.07655502392344497
0.225	0.215	0.435	0.125

MOTIF filter29
letter-probability matrix: alength= 4 w= 16 
0.010344827586206896	0.23793103448275862	0.15862068965517243	0.593103448275862
0.04827586206896552	0.3931034482758621	0.4379310344827586	0.1206896551724138
0.5426621160409556	0.1945392491467577	0.13651877133105803	0.12627986348122866
0.010238907849829351	0.17747440273037543	0.18430034129692832	0.6279863481228669
0.023890784982935155	0.7542662116040956	0.22184300341296928	0.0
0.017064846416382253	0.18771331058020477	0.4709897610921502	0.3242320819112628
0.5255972696245734	0.3515358361774744	0.06825938566552901	0.05460750853242321
0.515358361774744	0.09897610921501707	0.20136518771331058	0.18430034129692832
0.09897610921501707	0.05802047781569966	0.25597269624573377	0.5870307167235495
0.6006825938566553	0.06143344709897611	0.08873720136518772	0.24914675767918087
0.023890784982935155	0.3037542662116041	0.4402730375426621	0.23208191126279865
0.0	0.8225255972696246	0.09556313993174062	0.08191126279863481
0.0	0.5972696245733788	0.40273037542662116	0.0
0.010238907849829351	0.9351535836177475	0.010238907849829351	0.04436860068259386
0.9726962457337884	0.0	0.027303754266211604	0.0
0.7282229965156795	0.08013937282229965	0.1254355400696864	0.06620209059233449

MOTIF filter30
letter-probability matrix: alength= 4 w= 16 
0.6078431372549019	0.1493212669683258	0.0196078431372549	0.22322775263951736
0.910802775024777	0.05946481665014866	0.02973240832507433	0.0
0.019821605550049554	0.13280475718533202	0.7670961347869177	0.0802775024777007
0.6798810703666998	0.015857284440039643	0.21605550049554015	0.08820614469772052
0.05550049554013875	0.1645193260654113	0.6352824578790882	0.14469772051536176
0.0009910802775024777	0.01684836471754212	0.004955401387512388	0.977205153617443
0.7135777998017839	0.049554013875123884	0.0009910802775024777	0.2358771060455897
0.0	0.7264618434093162	0.24975222993062438	0.023785926660059464
0.5014866204162537	0.024777006937561942	0.057482656095143705	0.41625371655104065
0.08523290386521308	0.32210109018830524	0.33498513379583744	0.2576808721506442
0.41129831516352827	0.057482656095143705	0.3587710604558969	0.17244796828543113
0.031714568880079286	0.07631318136769079	0.5213082259663032	0.37066402378592667
0.08424182358771061	0.6808721506442021	0.12388503468780972	0.1110009910802775
0.07470119521912351	0.48306772908366535	0.199203187250996	0.24302788844621515
0.16381909547738693	0.1035175879396985	0.44120603015075377	0.2914572864321608
0.32507739938080493	0.15273477812177502	0.033023735810113516	0.4891640866873065

MOTIF filter31
letter-probability matrix: alength= 4 w= 16 
0.5579710144927537	0.021739130434782608	0.014492753623188406	0.4057971014492754
0.7553191489361702	0.06382978723404255	0.1524822695035461	0.028368794326241134
0.3262411347517731	0.31560283687943264	0.2730496453900709	0.0851063829787234
0.05319148936170213	0.7978723404255319	0.1453900709219858	0.0035460992907801418
0.01773049645390071	0.9680851063829787	0.014184397163120567	0.0
0.8581560283687943	0.04964539007092199	0.03546099290780142	0.05673758865248227
0.07092198581560284	0.07801418439716312	0.7340425531914894	0.11702127659574468
0.07801418439716312	0.11347517730496454	0.38652482269503546	0.4219858156028369
0.2695035460992908	0.24113475177304963	0.425531914893617	0.06382978723404255
0.04609929078014184	0.8049645390070922	0.0425531914893617	0.10638297872340426
0.02127659574468085	0.8900709219858156	0.028368794326241134	0.06028368794326241
0.010638297872340425	0.5106382978723404	0.16312056737588654	0.31560283687943264
0.1702127659574468	0.1524822695035461	0.2695035460992908	0.4078014184397163
0.03546099290780142	0.07446808510638298	0.8297872340425532	0.06028368794326241
0.1935483870967742	0.36917562724014336	0.3942652329749104	0.043010752688172046
0.011235955056179775	0.45692883895131087	0.14606741573033707	0.3857677902621723

MOTIF filter32
letter-probability matrix: alength= 4 w= 16 
0.06716417910447761	0.029850746268656716	0.19402985074626866	0.7089552238805971
0.007462686567164179	0.43034825870646765	0.3333333333333333	0.22885572139303484
0.0024875621890547263	0.17164179104477612	0.21144278606965175	0.6144278606965174
0.10199004975124377	0.47761194029850745	0.42039800995024873	0.0
