MEME version 4

ALPHABET= ACGU

strands: + -

Background letter frequencies
A 0.25 C 0.25 G 0.25 U 0.25

MOTIF filter0
letter-probability matrix: alength= 4 w= 16 
0.022950819672131147	0.39344262295081966	0.08032786885245902	0.5032786885245901
0.26291079812206575	0.3615023474178404	0.29264475743348983	0.08294209702660407
0.22972972972972974	0.15465465465465467	0.581081081081081	0.03453453453453453
0.15915915915915915	0.16216216216216217	0.539039039039039	0.13963963963963963
0.38738738738738737	0.03903903903903904	0.052552552552552555	0.521021021021021
0.2042042042042042	0.057057057057057055	0.35735735735735735	0.3813813813813814
0.18468468468468469	0.46846846846846846	0.03153153153153153	0.3153153153153153
0.22372372372372373	0.5480480480480481	0.11411411411411411	0.11411411411411411
0.06306306306306306	0.15315315315315314	0.2087087087087087	0.575075075075075
0.11411411411411411	0.06756756756756757	0.484984984984985	0.3333333333333333
0.3408408408408408	0.4219219219219219	0.04804804804804805	0.1891891891891892
0.012012012012012012	0.024024024024024024	0.8933933933933934	0.07057057057057058
0.9384384384384384	0.0	0.016516516516516516	0.04504504504504504
0.11561561561561562	0.003003003003003003	0.5630630630630631	0.3183183183183183
0.8603603603603603	0.0	0.0045045045045045045	0.13513513513513514
0.042232277526395176	0.004524886877828055	0.9532428355957768	0.0

MOTIF filter1
letter-probability matrix: alength= 4 w= 16 
0.5061022120518688	0.05682684973302822	0.37376048817696417	0.06331045003813883
0.5867204467887062	0.012100527458889234	0.3813217499224325	0.019857275829972074
0.2975133214920071	0.0	0.7024866785079928	0.0
0.07548845470692718	0.0002960331557134399	0.9242155121373594	0.0
0.2063351095322676	0.0	0.7841918294849023	0.009473060982830076
0.2871521610420367	0.0	0.5796329188869154	0.13321492007104796
0.4342806394316163	0.0005920663114268798	0.38188277087033745	0.1832445233866193
0.2871521610420367	0.005624629958555358	0.5334517465956187	0.1737714624037892
0.3111308466548253	0.0053285968028419185	0.5515097690941385	0.1320307874481942
0.3738898756660746	0.007992895204262877	0.4860864416814683	0.1320307874481942
0.27205447010065126	0.010953226761397277	0.5855535820011841	0.13143872113676733
0.2966252220248668	0.027827116637063352	0.4837181764357608	0.19182948490230906
0.22653242522949363	0.05478235119928931	0.5270950547823512	0.19159016878886587
0.2757177033492823	0.09808612440191387	0.45663875598086123	0.16955741626794257
0.33262839879154077	0.10392749244712991	0.416012084592145	0.1474320241691843
0.263794172349659	0.17668939863608182	0.4184748915065096	0.14104153750774953

MOTIF filter2
letter-probability matrix: alength= 4 w= 16 
0.598825831702544	0.32289628180039137	0.05870841487279843	0.019569471624266144
0.2720156555772994	0.649706457925636	0.0273972602739726	0.050880626223091974
0.14090019569471623	0.8434442270058709	0.0136986301369863	0.0019569471624266144
0.07045009784735812	0.9119373776908023	0.003913894324853229	0.0136986301369863
0.003913894324853229	0.9960861056751468	0.0	0.0
0.18786692759295498	0.6986301369863014	0.03913894324853229	0.07436399217221135
0.15459882583170254	0.3913894324853229	0.3776908023483366	0.07632093933463796
0.44227005870841485	0.011741682974559686	0.29354207436399216	0.25244618395303325
0.6575342465753424	0.003913894324853229	0.2563600782778865	0.0821917808219178
0.45401174168297453	0.10371819960861056	0.050880626223091974	0.3913894324853229
0.16829745596868884	0.043052837573385516	0.24070450097847357	0.547945205479452
0.023575638506876228	0.10216110019646366	0.7131630648330058	0.16110019646365423
0.03543307086614173	0.5216535433070866	0.13976377952755906	0.3031496062992126
0.007936507936507936	0.4801587301587302	0.27380952380952384	0.23809523809523808
0.06288032454361055	0.4259634888438134	0.1926977687626775	0.3184584178498986
0.13260869565217392	0.3847826086956522	0.2826086956521739	0.2

MOTIF filter3
letter-probability matrix: alength= 4 w= 16 
0.06754530477759473	0.20098846787479407	0.42833607907743	0.3031301482701812
0.021346469622331693	0.7996715927750411	0.04433497536945813	0.13464696223316913
0.041050903119868636	0.22824302134646962	0.15763546798029557	0.5730706075533661
0.0016420361247947454	0.12479474548440066	0.5648604269293924	0.30870279146141216
0.026272577996715927	0.9359605911330049	0.034482758620689655	0.003284072249589491
0.36617405582922824	0.10344827586206896	0.19376026272577998	0.3366174055829228
0.0	0.5106732348111659	0.3645320197044335	0.12479474548440066
0.06568144499178982	0.3842364532019704	0.07060755336617405	0.4794745484400657
0.0361247947454844	0.7536945812807881	0.09195402298850575	0.11822660098522167
0.014778325123152709	0.19704433497536947	0.10016420361247948	0.6880131362889984
0.10180623973727422	0.6239737274220033	0.24958949096880131	0.024630541871921183
0.052545155993431854	0.13628899835796388	0.08210180623973727	0.729064039408867
0.026272577996715927	0.8341543513957307	0.05747126436781609	0.08210180623973727
0.12191103789126853	0.24546952224052718	0.07084019769357495	0.5617792421746294
0.2739273927392739	0.5924092409240924	0.0297029702970297	0.10396039603960396
0.13287904599659284	0.7001703577512777	0.10732538330494037	0.059625212947189095

MOTIF filter4
letter-probability matrix: alength= 4 w= 16 
0.4429735234215886	0.3397827562797013	0.09708078750848609	0.12016293279022404
0.3312538989394885	0.41796631316281974	0.034934497816593885	0.21584529008109793
0.2582657517155334	0.2601372426699938	0.2754210854647536	0.20617592014971928
0.9619463505926388	0.014971927635683094	0.002183406113537118	0.020898315658140987
0.036805988771054274	0.9566437928883343	0.00031191515907673113	0.006238303181534623
0.0901434809731753	0.7155333749220212	0.005302557704304429	0.18902058640049907
0.4447910168434186	0.23206487835308795	0.10355583281347473	0.2195882719900187
0.3056768558951965	0.2719900187149095	0.030879600748596383	0.39145352464129757
0.14472863381160325	0.2760449157829071	0.10137242669993762	0.4778540237055521
0.3359326263256394	0.08359326263256395	0.007174048658764816	0.5733000623830318
0.314410480349345	0.10074859638178416	0.028384279475982533	0.5564566437928883
0.3456019962570181	0.14784778540237056	0.04585152838427948	0.4606986899563319
0.380506091846298	0.41237113402061853	0.03217744454857857	0.17494532958450484
0.3740169864737339	0.5039320541050645	0.019502988361119848	0.10254797106008179
0.4557283402094573	0.2903840050777531	0.021897810218978103	0.2319898444938115
0.4317955526053767	0.21838698971125126	0.054762694988383674	0.29505476269498837

MOTIF filter5
letter-probability matrix: alength= 4 w= 16 
0.09570957095709572	0.533003300330033	0.04785478547854786	0.3234323432343234
0.057755775577557754	0.8085808580858086	0.019801980198019802	0.11386138613861387
0.016474464579901153	0.039538714991762765	0.0016474464579901153	0.942339373970346
0.19934102141680396	0.21252059308072488	0.4645799011532125	0.12355848434925865
0.7677100494233937	0.07248764415156507	0.13344316309719934	0.026359143327841845
0.3871499176276771	0.09884678747940692	0.43986820428336076	0.07413509060955518
0.0642504118616145	0.013179571663920923	0.8039538714991763	0.1186161449752883
0.11532125205930807	0.0	0.7759472817133443	0.10873146622734761
0.023064250411861616	0.0032948929159802307	0.40691927512355847	0.5667215815485996
0.10378912685337727	0.14497528830313014	0.2487644151565074	0.5024711696869851
0.060955518945634266	0.8187808896210873	0.06919275123558484	0.051070840197693576
0.2706270627062706	0.3844884488448845	0.0891089108910891	0.25577557755775576
0.16859504132231404	0.5074380165289256	0.18677685950413223	0.1371900826446281
0.12292358803986711	0.2973421926910299	0.5564784053156147	0.023255813953488372
0.15912897822445563	0.5661641541038526	0.023450586264656615	0.25125628140703515
0.4567901234567901	0.12522045855379188	0.2998236331569665	0.11816578483245149

MOTIF filter6
letter-probability matrix: alength= 4 w= 16 
0.7487328023171614	0.09341057204923968	0.09847936278059377	0.05937726285300507
0.18030412744388125	0.7552498189717596	0.023171614771904415	0.041274438812454746
0.1730629978276611	0.5112237509051412	0.0333091962346126	0.2824040550325851
0.036205648081100654	0.20637219406227372	0.001448225923244026	0.7559739319333816
0.07530774800868936	0.16944243301955106	0.21506154960173787	0.5401882693700217
0.08399710354815351	0.19116582186821143	0.11296162201303403	0.611875452570601
0.1491672700941347	0.2824040550325851	0.02389572773352643	0.5445329471397538
0.13468501086169443	0.42433019551049966	0.018102824040550327	0.4228819695872556
0.08761766835626358	0.1955104996379435	0.23171614771904417	0.4851556842867487
0.09920347574221579	0.001448225923244026	0.5829109341057205	0.3164373642288197
0.278059377262853	0.04489500362056481	0.5452570601013759	0.13178855901520636
0.1390296886314265	0.46198406951484433	0.36350470673425056	0.03548153511947864
0.02172338884866039	0.8196958725561188	0.15206372194062273	0.0065170166545981175
0.000724112961622013	0.8175235336712527	0.03475742215785663	0.14699493120926865
0.051787016776075855	0.18599562363238512	0.4471188913202042	0.3150984682713348
0.14597441685477802	0.5590669676448458	0.17531978931527464	0.11963882618510158

MOTIF filter7
letter-probability matrix: alength= 4 w= 16 
0.20128824476650564	0.42028985507246375	0.36231884057971014	0.01610305958132045
0.604133545310016	0.3163751987281399	0.0	0.0794912559618442
0.3755795981452859	0.3508500772797527	0.03245749613601236	0.241112828438949
0.08448540706605223	0.3456221198156682	0.48540706605222733	0.08448540706605223
0.016897081413210446	0.41321044546851	0.522273425499232	0.047619047619047616
0.9216589861751152	0.030721966205837174	0.010752688172043012	0.03686635944700461
0.44393241167434716	0.36251920122887865	0.10906298003072197	0.08448540706605223
0.24731182795698925	0.16897081413210446	0.04915514592933948	0.5345622119815668
0.2872503840245776	0.006144393241167435	0.007680491551459293	0.6989247311827957
0.004608294930875576	0.016897081413210446	0.0629800307219662	0.9155145929339478
0.01228878648233487	0.11827956989247312	0.3640552995391705	0.5053763440860215
0.027649769585253458	0.261136712749616	0.5483870967741935	0.16282642089093702
0.12135176651305683	0.2119815668202765	0.642089093701997	0.02457757296466974
0.058823529411764705	0.6130030959752322	0.24458204334365324	0.08359133126934984
0.1130030959752322	0.01393188854489164	0.16408668730650156	0.7089783281733746
0.1889763779527559	0.06771653543307087	0.03779527559055118	0.705511811023622

MOTIF filter8
letter-probability matrix: alength= 4 w= 16 
0.05843071786310518	0.27378964941569284	0.08124652198107958	0.5865331107401224
0.0879243183082916	0.3589315525876461	0.10740122426266	0.44574290484140233
0.01669449081803005	0.3099610461880913	0.042292710072342796	0.6310517529215359
0.11018363939899833	0.4240400667779633	0.04340567612687813	0.42237061769616024
0.12799109627156371	0.523650528658876	0.07568169170840289	0.27267668336115747
0.11686143572621036	0.09015025041736227	0.09571508069003895	0.6972732331663885
0.037840845854201444	0.28937117417918756	0.0005564830272676684	0.6722314969393434
0.04340567612687813	0.5047301057317752	0.0	0.4518642181413467
0.008903728436282694	0.3795214245965498	0.23149693934335003	0.3800779076238175
0.018920422927100722	0.22760155815247635	0.0	0.7534780189204229
0.1636060100166945	0.7111853088480802	0.025598219254312743	0.09961046188091263
0.18697829716193656	0.15247634947134112	0.008347245409015025	0.6521981079577073
0.15701559020044542	0.4510022271714922	0.04899777282850779	0.3429844097995546
0.17907106883044208	0.5120313374370453	0.008393956351426972	0.3005036373810856
0.15039281705948374	0.5269360269360269	0.09876543209876543	0.2239057239057239
0.07921928817451206	0.5878300803673938	0.013777267508610792	0.31917336394948337

MOTIF filter9
letter-probability matrix: alength= 4 w= 16 
0.24681933842239187	0.02544529262086514	0.19083969465648856	0.5368956743002544
0.22646310432569974	0.3791348600508906	0.007633587786259542	0.38676844783715014
0.12213740458015267	0.15521628498727735	0.2951653944020356	0.42748091603053434
0.0	0.5165394402035624	0.13740458015267176	0.3460559796437659
0.17557251908396945	0.43765903307888043	0.1297709923664122	0.25699745547073793
0.27989821882951654	0.3231552162849873	0.015267175572519083	0.3816793893129771
0.09414758269720101	0.8854961832061069	0.0	0.020356234096692113
0.022900763358778626	0.9694656488549618	0.0	0.007633587786259542
0.02544529262086514	0.9694656488549618	0.002544529262086514	0.002544529262086514
0.15521628498727735	0.6564885496183206	0.089058524173028	0.09923664122137404
0.43765903307888043	0.4631043256997455	0.007633587786259542	0.0916030534351145
0.1450381679389313	0.44529262086513993	0.043256997455470736	0.366412213740458
0.22646310432569974	0.1297709923664122	0.33587786259541985	0.30788804071246817
0.005089058524173028	0.03816793893129771	0.544529262086514	0.4122137404580153
0.19083969465648856	0.0	0.7862595419847328	0.022900763358778626
0.13402061855670103	0.0	0.2190721649484536	0.6469072164948454

MOTIF filter10
letter-probability matrix: alength= 4 w= 16 
0.06271129141311697	0.572684246112238	0.011494252873563218	0.3531102096010818
0.12440838404327248	0.27603110209601084	0.04682217714672076	0.552738336713996
0.09465855307640297	0.5290736984448952	0.018762677484787018	0.3575050709939148
0.2478025693035835	0.4092292089249493	0.018424611223799865	0.32454361054766734
0.28329952670723463	0.27079107505070993	0.05172413793103448	0.39418526031102097
0.19540229885057472	0.3938471940500338	0.05425963488843814	0.3564908722109533
0.17106152805949967	0.24459093982420554	0.03870858688302908	0.5456389452332657
0.27298850574712646	0.40145368492224476	0.07606490872210954	0.24949290060851928
0.1832319134550372	0.290736984448952	0.03228532792427316	0.49374577417173765
0.1881338742393509	0.36004056795131845	0.041244083840432724	0.4105814739688979
0.3125422582826234	0.2647058823529412	0.002704530087897228	0.4200473292765382
0.7655510480054091	0.018424611223799865	0.03194726166328601	0.18407707910750506
0.6434488588334742	0.10397295012679628	0.0033812341504649195	0.24919695688926458
0.5273775216138329	0.06933378538735378	0.022715714527886084	0.3805729784709273
0.2056761839630706	0.45597538040690716	0.123610873653616	0.21473756197640623
0.18209007741027444	0.6966924700914848	0.008620689655172414	0.11259676284306826

MOTIF filter11
letter-probability matrix: alength= 4 w= 16 
0.03745318352059925	0.033707865168539325	0.9250936329588015	0.003745318352059925
0.0149812734082397	0.011235955056179775	0.9325842696629213	0.04119850187265917
0.6	0.02142857142857143	0.04285714285714286	0.3357142857142857
0.04642857142857143	0.039285714285714285	0.8964285714285715	0.017857142857142856
0.017857142857142856	0.05357142857142857	0.9	0.02857142857142857
0.2892857142857143	0.04285714285714286	0.5678571428571428	0.1
0.17142857142857143	0.10357142857142858	0.6571428571428571	0.06785714285714285
0.10714285714285714	0.05714285714285714	0.8	0.03571428571428571
0.3357142857142857	0.07142857142857142	0.5607142857142857	0.03214285714285714
0.2392857142857143	0.08928571428571429	0.5571428571428572	0.11428571428571428
0.19285714285714287	0.05	0.7142857142857143	0.04285714285714286
0.10357142857142858	0.075	0.6928571428571428	0.12857142857142856
0.2357142857142857	0.07857142857142857	0.5857142857142857	0.1
0.19285714285714287	0.010714285714285714	0.6964285714285714	0.1
0.17142857142857143	0.03571428571428571	0.6392857142857142	0.15357142857142858
0.09782608695652174	0.07971014492753623	0.5797101449275363	0.2427536231884058

MOTIF filter12
letter-probability matrix: alength= 4 w= 16 
0.14903129657228018	0.18926974664679583	0.4828614008941878	0.17883755588673622
0.25862068965517243	0.07902298850574713	0.3635057471264368	0.2988505747126437
0.21518987341772153	0.08579465541490858	0.4345991561181435	0.26441631504922647
0.07994389901823282	0.11921458625525946	0.6157082748948106	0.18513323983169705
0.11064425770308123	0.09243697478991597	0.36554621848739494	0.43137254901960786
0.23291492329149233	0.0794979079497908	0.3500697350069735	0.33751743375174337
0.15096952908587258	0.019390581717451522	0.481994459833795	0.3476454293628809
0.13157894736842105	0.04986149584487535	0.3490304709141274	0.4695290858725762
0.09418282548476455	0.018005540166204988	0.7991689750692521	0.0886426592797784
0.0013850415512465374	0.0	0.9224376731301939	0.07617728531855955
0.13573407202216067	0.0	0.3157894736842105	0.5484764542936288
0.019390581717451522	0.04709141274238227	0.8365650969529086	0.09695290858725762
0.0	0.0	1.0	0.0
0.0	0.0	1.0	0.0
0.5676429567642957	0.0	0.14365411436541142	0.28870292887029286
0.3948497854077253	0.02861230329041488	0.2732474964234621	0.3032904148783977

MOTIF filter13
letter-probability matrix: alength= 4 w= 16 
0.301440329218107	0.4022633744855967	0.05452674897119342	0.2417695473251029
0.12448559670781893	0.2705761316872428	0.027777777777777776	0.5771604938271605
0.5422885572139303	0.3164179104477612	0.01990049751243781	0.12139303482587065
0.4507462686567164	0.05771144278606965	0.136318407960199	0.35522388059701493
0.878968253968254	0.006944444444444444	0.000992063492063492	0.1130952380952381
0.32837301587301587	0.021825396825396824	0.18253968253968253	0.46726190476190477
0.6626984126984127	0.22123015873015872	0.000992063492063492	0.11507936507936507
0.33630952380952384	0.03968253968253968	0.1865079365079365	0.4375
0.5744047619047619	0.14087301587301587	0.001984126984126984	0.28273809523809523
0.6279761904761905	0.18353174603174602	0.07142857142857142	0.11706349206349206
0.3611111111111111	0.09027777777777778	0.002976190476190476	0.5456349206349206
0.5694444444444444	0.0992063492063492	0.00496031746031746	0.3263888888888889
0.6974206349206349	0.05654761904761905	0.13988095238095238	0.10615079365079365
0.3253968253968254	0.00496031746031746	0.008928571428571428	0.6607142857142857
0.26147704590818366	0.5079840319361277	0.043912175648702596	0.18662674650698602
0.837782340862423	0.029774127310061602	0.014373716632443531	0.11806981519507187

MOTIF filter14
letter-probability matrix: alength= 4 w= 16 
0.2247983870967742	0.0846774193548387	0.08669354838709678	0.6038306451612904
0.11794354838709678	0.2933467741935484	0.17943548387096775	0.4092741935483871
0.047379032258064516	0.9133064516129032	0.0020161290322580645	0.037298387096774195
0.42943548387096775	0.07762096774193548	0.02217741935483871	0.47076612903225806
0.47129909365558914	0.00906344410876133	0.0	0.5196374622356495
0.11983887210473314	0.09768378650553877	0.28298086606243705	0.499496475327291
0.7844914400805639	0.038267875125881166	0.0010070493454179255	0.17623363544813697
0.48338368580060426	0.1228600201409869	0.3766364551863041	0.017119838872104734
0.18429003021148035	0.1107754279959718	0.3997985901309164	0.30513595166163143
0.06243705941591138	0.31722054380664655	0.044310171198388724	0.5760322255790534
0.10976837865055387	0.46324269889224573	0.26586102719033233	0.16112789526686808
0.31419939577039274	0.2215508559919436	0.0	0.46424974823766363
0.21248741188318226	0.06847935548841894	0.324269889224572	0.3947633434038268
0.035246727089627394	0.19536757301107754	0.002014098690835851	0.7673716012084593
0.030303030303030304	0.6757575757575758	0.21818181818181817	0.07575757575757576
0.04605936540429888	0.8075742067553736	0.0	0.14636642784032752

MOTIF filter15
letter-probability matrix: alength= 4 w= 16 
0.09955257270693513	0.5715883668903803	0.1890380313199105	0.13982102908277405
0.07582417582417582	0.3098901098901099	0.189010989010989	0.42527472527472526
0.2505050505050505	0.2606060606060606	0.3888888888888889	0.1
0.005050505050505051	0.14343434343434344	0.802020202020202	0.049494949494949494
0.0	0.03737373737373737	0.8767676767676768	0.08585858585858586
0.0	0.8494949494949495	0.1505050505050505	0.0
0.00101010101010101	0.2222222222222222	0.7	0.07676767676767676
0.00101010101010101	0.8	0.06868686868686869	0.1303030303030303
0.025252525252525252	0.6575757575757576	0.04040404040404041	0.2767676767676768
0.13434343434343435	0.7909090909090909	0.050505050505050504	0.024242424242424242
0.34949494949494947	0.21616161616161617	0.19494949494949496	0.23939393939393938
0.3586626139817629	0.1337386018237082	0.07497467071935157	0.4326241134751773
0.2563323201621074	0.3140830800405269	0.18135764944275581	0.24822695035460993
0.5963488843813387	0.0	0.06389452332657201	0.33975659229208927
0.12563840653728295	0.37589376915219613	0.48314606741573035	0.015321756894790603
0.13938753959873285	0.008447729672650475	0.43189017951425557	0.42027455121436114

MOTIF filter16
letter-probability matrix: alength= 4 w= 16 
0.5990220048899756	0.0	0.29584352078239606	0.10513447432762836
0.46702702702702703	0.022702702702702703	0.4918918918918919	0.018378378378378378
0.03779697624190065	0.0010799136069114472	0.958963282937365	0.0021598272138228943
0.0010799136069114472	0.0010799136069114472	0.9978401727861771	0.0
0.00755939524838013	0.0	0.9924406047516199	0.0
0.09611231101511879	0.0010799136069114472	0.8585313174946004	0.04427645788336933
0.2602591792656587	0.05183585313174946	0.6339092872570194	0.05399568034557235
0.28077753779697623	0.061555075593952485	0.5421166306695464	0.11555075593952484
0.18250539956803455	0.0367170626349892	0.7073434125269978	0.0734341252699784
0.23110151187904968	0.1285097192224622	0.40712742980561556	0.23326133909287258
0.265658747300216	0.13498920086393087	0.5205183585313174	0.07883369330453564
0.19027027027027027	0.10270270270270271	0.43675675675675674	0.2702702702702703
0.18634886240520043	0.3271939328277356	0.3629469122426869	0.12351029252437704
0.26864035087719296	0.11403508771929824	0.5164473684210527	0.10087719298245613
0.18262806236080179	0.16592427616926503	0.5	0.1514476614699332
0.25141562853907135	0.05096262740656852	0.4043035107587769	0.29331823329558326

MOTIF filter17
letter-probability matrix: alength= 4 w= 16 
0.3202170963364993	0.44369063772048845	0.18724559023066487	0.048846675712347354
0.11155913978494623	0.8198924731182796	0.010752688172043012	0.05779569892473118
0.06854838709677419	0.0793010752688172	0.11559139784946236	0.7365591397849462
0.44086021505376344	0.021505376344086023	0.13306451612903225	0.40456989247311825
0.12365591397849462	0.7419354838709677	0.08870967741935484	0.0456989247311828
0.028225806451612902	0.4852150537634409	0.01747311827956989	0.46908602150537637
0.5389784946236559	0.18951612903225806	0.16129032258064516	0.11021505376344086
0.16666666666666666	0.12365591397849462	0.0793010752688172	0.6303763440860215
0.06586021505376344	0.28763440860215056	0.20698924731182797	0.43951612903225806
0.9422043010752689	0.004032258064516129	0.01881720430107527	0.03494623655913978
0.38844086021505375	0.43010752688172044	0.1196236559139785	0.06182795698924731
0.12365591397849462	0.5887096774193549	0.10887096774193548	0.17876344086021506
0.03494623655913978	0.21774193548387097	0.16532258064516128	0.581989247311828
0.3310901749663526	0.11574697173620457	0.423956931359354	0.12920592193808883
0.11081081081081082	0.04594594594594595	0.04864864864864865	0.7945945945945946
0.11796982167352538	0.01646090534979424	0.05486968449931413	0.8106995884773662

MOTIF filter18
letter-probability matrix: alength= 4 w= 16 
0.2426550598476605	0.2616974972796518	0.06420021762785637	0.4314472252448313
0.3384223918575064	0.09516539440203563	0.10279898218829517	0.46361323155216283
0.3165650406504065	0.11178861788617886	0.22002032520325204	0.3516260162601626
0.8166058394160584	0.022354014598540146	0.005930656934306569	0.1551094890510949
0.2969890510948905	0.20072992700729927	0.35675182481751827	0.14552919708029197
0.5657715065999089	0.2498862084660901	0.02913063268092854	0.15521165225307237
0.32180245789713247	0.38416021847974513	0.21301775147928995	0.0810195721438325
0.2803823395539372	0.3158852981338188	0.1574874829312699	0.24624487938097406
0.22894856622667273	0.2321347291761493	0.3026854802002731	0.23623122439690486
0.134274010013655	0.09057806099226218	0.5530268548020028	0.2221210741920801
0.17114246700045516	0.04005461993627674	0.756486117432863	0.0323167956304051
0.09285389167045972	0.2649066909421939	0.5261720527992717	0.11606736458807465
0.045061447428311335	0.07100591715976332	0.8516158397815202	0.0323167956304051
0.0018206645425580337	0.45835229858898496	0.5316340464269458	0.008192990441511151
0.0063723258989531175	0.9130632680928539	0.07646791078743742	0.004096495220755576
0.010096374483708122	0.9467645709040844	0.023405231757687012	0.01973382285452042

MOTIF filter19
letter-probability matrix: alength= 4 w= 16 
0.2602122015915119	0.33687002652519893	0.16153846153846155	0.2413793103448276
0.2660332541567696	0.17999472156241753	0.2808128793877012	0.27315914489311166
0.9608088388576194	0.03043568897227434	0.008025849489264124	0.000729622680842193
0.0	0.0008338544923910778	0.9984365228267668	0.000729622680842193
0.9464248488638732	0.0	0.05222013758599124	0.0013550135501355014
0.038878465707734	0.8590785907859079	0.07244110902647488	0.029601834479883262
0.07796539503856577	0.752240983948301	0.029393370856785492	0.14040025015634772
0.12591202835105275	0.5310610798415677	0.14988534500729622	0.19314154680008339
0.14238065457577653	0.4257869501771941	0.16270585782780905	0.2691265374192203
0.2682926829268293	0.3717948717948718	0.21106941838649157	0.14884302689180737
0.14696685428392744	0.3825307483844069	0.2598499061913696	0.21065249114029602
0.3057437715000521	0.29094131137287604	0.18721984780569165	0.21609506932138017
0.2221990402670561	0.38629250991028585	0.1168370540371375	0.2746713957855206
0.28201634877384196	0.25141479773632364	0.2088660658142947	0.2577027876755397
0.31954728157393697	0.2859107256187857	0.06864819124180241	0.3258938015654749
0.36289281102023246	0.2283684890228153	0.26506672406371073	0.1436719758932415

MOTIF filter20
letter-probability matrix: alength= 4 w= 16 
0.9399727148703957	0.002728512960436562	0.0572987721691678	0.0
0.002728512960436562	0.02455661664392906	0.965893587994543	0.0068212824010914054
0.001364256480218281	0.0	0.9454297407912687	0.05320600272851296
0.38472032742155526	0.001364256480218281	0.10641200545702592	0.5075034106412005
0.46248294679399726	0.002728512960436562	0.05320600272851296	0.4815825375170532
0.6439290586630286	0.020463847203274217	0.03956343792633015	0.296043656207367
0.4324693042291951	0.08458390177353342	0.3083219645293315	0.17462482946793997
0.2373806275579809	0.25102319236016374	0.11732605729877217	0.3942701227830832
0.34106412005457026	0.5334242837653479	0.01637107776261937	0.10914051841746249
0.25648021828103684	0.41609822646657574	0.2592087312414734	0.06821282401091405
0.24283765347885403	0.12824010914051842	0.5225102319236017	0.10641200545702592
0.040927694406548434	0.08049113233287858	0.6057298772169167	0.2728512960436562
0.30286493860845837	0.02455661664392906	0.047748976807639835	0.6248294679399727
0.3860845839017735	0.11869031377899045	0.38472032742155526	0.11050477489768076
0.036834924965893585	0.0	0.6903137789904502	0.2728512960436562
0.4490358126721763	0.0	0.4256198347107438	0.12534435261707988

MOTIF filter21
letter-probability matrix: alength= 4 w= 16 
0.0459830866807611	0.7119450317124736	0.012684989429175475	0.22938689217758984
0.11938721605916534	0.43740095087163233	0.03222398309561542	0.4109878499735869
0.2820919175911252	0.5213946117274167	0.055995773903856315	0.1405176967776017
0.8287671232876712	0.07639620653319283	0.01738672286617492	0.07744994731296101
0.48840885142255	0.25869336143308747	0.0958904109589041	0.15700737618545837
0.44836670179135935	0.4077976817702845	0.05426765015806112	0.08956796628029505
0.6886195995785037	0.1422550052687039	0.06269757639620653	0.10642781875658588
0.22866174920969443	0.39673340358271864	0.21338250790305585	0.1612223393045311
0.5626975763962065	0.15753424657534246	0.0036880927291886197	0.2760800842992624
0.32086406743940993	0.3582718651211802	0.2576396206533193	0.06322444678609063
0.43256059009483666	0.16807165437302424	0.0	0.3993677555321391
0.910958904109589	0.0458377239199157	0.02107481559536354	0.022128556375131718
0.7025884838880084	0.16428948758584258	0.014791336502905442	0.11833069202324353
0.651595744680851	0.05	0.03563829787234043	0.26276595744680853
0.560302866414278	0.2693347755543537	0.062195781503515415	0.10816657652785289
0.44039351851851855	0.2517361111111111	0.10590277777777778	0.2019675925925926

MOTIF filter22
letter-probability matrix: alength= 4 w= 16 
0.10871905274488698	0.0	0.8909221385001794	0.0003588087549336204
0.34732687477574453	0.05956225331898098	0.36957301758162897	0.2235378543236455
0.4951560818083961	0.0	0.48439181916038754	0.02045209903121636
0.2748475062791532	0.4327233584499462	0.25475421600287046	0.03767491926803014
0.3674201650520273	0.002152852529601722	0.33584499461786865	0.2945819878005023
0.2709006099748834	0.003946896304269824	0.24076067456045927	0.48439181916038754
0.12127735916756369	0.10154287764621457	0.25798349479727306	0.5191962683889487
0.3753139576605669	0.16756368855400072	0.45389307499102977	0.0032292787944025836
0.31216361679224974	0.0003588087549336204	0.42339433082167205	0.2640832436311446
0.18550412630068175	0.17545748116254037	0.2938643702906351	0.3451740222461428
0.4097595981341945	0.001076426264800861	0.5726587728740581	0.016505202726946538
0.43415859346968066	0.005382131324004306	0.5163257983494798	0.04413347685683531
0.033010405453893076	0.002152852529601722	0.7416576964477933	0.22317904556871188
0.4741193386053199	0.02875629043853343	0.392882818116463	0.10424155283968368
0.05621621621621622	0.24684684684684685	0.6583783783783784	0.03855855855855856
0.1824600520252694	0.04942400594574508	0.17205499814195466	0.5960609438870308

MOTIF filter23
letter-probability matrix: alength= 4 w= 16 
0.5357766143106457	0.31762652705061084	0.02617801047120419	0.12041884816753927
0.4272463768115942	0.29681159420289854	0.04927536231884058	0.22666666666666666
0.7288428324697754	0.08865860679332183	0.016119746689694875	0.16637881404720783
0.7462600690448792	0.10126582278481013	0.028768699654775604	0.1237054085155351
0.5166858457997698	0.311277330264672	0.031070195627157654	0.14096662830840045
0.3291139240506329	0.5454545454545454	0.053509781357882626	0.07192174913693901
0.310126582278481	0.48791714614499426	0.004602991944764097	0.19735327963176064
0.4177215189873418	0.36018411967779057	0.07364787111622555	0.14844649021864212
0.8383199079401611	0.012658227848101266	0.0017261219792865361	0.1472957422324511
0.16570771001150747	0.7042577675489068	0.04257767548906789	0.08745684695051784
0.12428078250863062	0.7359033371691599	0.0005753739930955121	0.13924050632911392
0.31703107019562715	0.32623705408515535	0.03279631760644419	0.3239355581127733
0.43037974683544306	0.18411967779056387	0.03567318757192175	0.34982738780207134
0.3792507204610951	0.3527377521613833	0.03227665706051873	0.23573487031700288
0.2623331398723157	0.4701102727800348	0.04062681369704005	0.2269297736506094
0.23178016726403824	0.6977299880525687	0.0047789725209080045	0.06571087216248507

MOTIF filter24
letter-probability matrix: alength= 4 w= 16 
0.39709944751381215	0.09185082872928177	0.47513812154696133	0.03591160220994475
0.016563146997929608	0.14216701173222912	0.7757073844030365	0.06556245686680469
0.09876543209876543	0.5137174211248285	0.36213991769547327	0.025377229080932786
0.0438957475994513	0.1419753086419753	0.7709190672153635	0.043209876543209874
0.12962962962962962	0.3045267489711934	0.532235939643347	0.033607681755829906
0.0006858710562414266	0.20233196159122085	0.44718792866941015	0.3497942386831276
0.0	0.9746227709190672	0.019890260631001373	0.0054869684499314125
0.0027434842249657062	0.8401920438957476	0.12139917695473251	0.03566529492455418
0.02263374485596708	0.6502057613168725	0.25171467764060357	0.07544581618655692
0.1467764060356653	0.35253772290809327	0.1748971193415638	0.32578875171467764
0.1646090534979424	0.50480109739369	0.22976680384087791	0.10082304526748971
0.31017881705639616	0.4889958734525447	0.0453920220082531	0.15543328748280605
0.5265700483091788	0.34230503795721184	0.00966183574879227	0.12146307798481712
0.5080363382250175	0.04612159329140461	0.33542976939203356	0.11041229909154437
0.36370106761565835	0.37437722419928826	0.1288256227758007	0.13309608540925266
0.375	0.25961538461538464	0.3062130177514793	0.05917159763313609

MOTIF filter25
letter-probability matrix: alength= 4 w= 16 
0.27361963190184047	0.14969325153374233	0.4441717791411043	0.1325153374233129
0.41341463414634144	0.0975609756097561	0.17926829268292682	0.3097560975609756
0.7222787385554426	0.07121057985757884	0.04170905391658189	0.16480162767039674
0.19416498993963782	0.1981891348088531	0.5432595573440644	0.06438631790744467
0.22635814889336017	0.0613682092555332	0.5945674044265593	0.11770623742454728
0.5024975024975025	0.08691308691308691	0.025974025974025976	0.38461538461538464
0.17282717282717283	0.022977022977022976	0.7462537462537463	0.057942057942057944
0.3226773226773227	0.02197802197802198	0.41858141858141856	0.23676323676323677
0.6613386613386614	0.04395604395604396	0.000999000999000999	0.2937062937062937
0.05094905094905095	0.008991008991008992	0.9270729270729271	0.012987012987012988
0.028971028971028972	0.0	0.97002997002997	0.000999000999000999
0.7312687312687313	0.04495504495504495	0.01898101898101898	0.2047952047952048
0.45245245245245247	0.015015015015015015	0.05005005005005005	0.4824824824824825
0.5305917753259779	0.048144433299899696	0.031093279839518557	0.3901705115346038
0.3249243188698285	0.19576185671039353	0.07971745711402624	0.39959636730575177
0.5181723779854621	0.08826583592938733	0.07580477673935618	0.3177570093457944

MOTIF filter26
letter-probability matrix: alength= 4 w= 16 
0.28832116788321166	0.11678832116788321	0.551094890510949	0.043795620437956206
0.9433962264150944	0.006289308176100629	0.04821802935010482	0.0020964360587002098
0.020964360587002098	0.05450733752620545	0.909853249475891	0.014675052410901468
0.0	0.0	1.0	0.0
0.05450733752620545	0.0	0.8343815513626834	0.1111111111111111
0.9308176100628931	0.0	0.0	0.06918238993710692
0.5849056603773585	0.031446540880503145	0.16352201257861634	0.22012578616352202
0.6918238993710691	0.016771488469601678	0.2180293501048218	0.07337526205450734
0.9182389937106918	0.012578616352201259	0.014675052410901468	0.05450733752620545
0.4381551362683438	0.2389937106918239	0.1928721174004193	0.129979035639413
0.5262054507337526	0.1069182389937107	0.23689727463312368	0.129979035639413
0.2168421052631579	0.08210526315789474	0.4063157894736842	0.29473684210526313
0.3326271186440678	0.288135593220339	0.125	0.2542372881355932
0.15991471215351813	0.5223880597014925	0.18763326226012794	0.1300639658848614
0.33905579399141633	0.2854077253218884	0.21030042918454936	0.16523605150214593
0.2866666666666667	0.13555555555555557	0.19777777777777777	0.38

MOTIF filter27
letter-probability matrix: alength= 4 w= 16 
0.0	0.0	0.9884057971014493	0.011594202898550725
0.28405797101449276	0.03768115942028986	0.591304347826087	0.08695652173913043
0.7885714285714286	0.022857142857142857	0.0	0.18857142857142858
0.0	0.0	1.0	0.0
0.0	0.0	1.0	0.0
1.0	0.0	0.0	0.0
0.6885714285714286	0.09428571428571429	0.04285714285714286	0.1742857142857143
0.5057142857142857	0.12571428571428572	0.1457142857142857	0.22285714285714286
0.12571428571428572	0.11428571428571428	0.34285714285714286	0.41714285714285715
0.26285714285714284	0.32	0.2857142857142857	0.13142857142857142
0.39714285714285713	0.3142857142857143	0.14	0.14857142857142858
0.13142857142857142	0.2542857142857143	0.28	0.3342857142857143
0.3879310344827586	0.21264367816091953	0.3505747126436782	0.04885057471264368
0.19130434782608696	0.3391304347826087	0.08695652173913043	0.3826086956521739
0.3165680473372781	0.07988165680473373	0.5798816568047337	0.023668639053254437
0.44200626959247646	0.322884012539185	0.10031347962382445	0.13479623824451412

MOTIF filter28
letter-probability matrix: alength= 4 w= 16 
0.25128040973111393	0.09763124199743918	0.5508962868117798	0.1001920614596671
0.1088348271446863	0.5717029449423816	0.2948143405889885	0.02464788732394366
0.12772087067861715	0.5915492957746479	0.18725992317541612	0.09346991037131883
0.02208706786171575	0.9308578745198464	0.028489116517285532	0.01856594110115237
0.32298335467349554	0.1379641485275288	0.14052496798975672	0.39852752880921893
0.30697823303457106	0.1443661971830986	0.14916773367477593	0.3994878361075544
0.4241357234314981	0.1943021766965429	0.19654289372599232	0.1850192061459667
0.3799615877080666	0.1206786171574904	0.0441741357234315	0.4551856594110115
0.052496798975672214	0.0675416133162612	0.7199103713188221	0.16005121638924455
0.3975672215108835	0.034891165172855315	0.0380921895006402	0.529449423815621
0.5188860435339309	0.0076824583866837385	0.008642765685019206	0.4647887323943662
0.10115236875800256	0.41037131882202305	0.004481434058898848	0.4839948783610755
0.04289372599231754	0.1558898847631242	0.7791293213828425	0.02208706786171575
0.5307045895281189	0.34906270200387846	0.0074337427278603745	0.11279896574014221
0.3148391332895601	0.509848982271832	0.06795797767564019	0.10735390676296783
0.17264957264957265	0.19179487179487179	0.27863247863247864	0.3569230769230769

MOTIF filter29
letter-probability matrix: alength= 4 w= 16 
0.03222222222222222	0.013333333333333334	0.8211111111111111	0.13333333333333333
0.19444444444444445	0.0011111111111111111	0.7822222222222223	0.022222222222222223
0.8043956043956044	0.056043956043956046	0.001098901098901099	0.13846153846153847
0.23626373626373626	0.31978021978021975	0.34285714285714286	0.1010989010989011
0.25824175824175827	0.31648351648351647	0.23516483516483516	0.1901098901098901
0.24615384615384617	0.4010989010989011	0.0967032967032967	0.256043956043956
0.42747252747252745	0.11868131868131868	0.44285714285714284	0.01098901098901099
0.12967032967032968	0.06703296703296703	0.25934065934065936	0.5439560439560439
0.5274725274725275	0.007692307692307693	0.20659340659340658	0.25824175824175827
0.4703296703296703	0.005494505494505495	0.016483516483516484	0.5076923076923077
0.0967032967032967	0.06483516483516484	0.1912087912087912	0.6472527472527473
0.008791208791208791	0.0032967032967032967	0.9692307692307692	0.01868131868131868
0.02197802197802198	0.08351648351648351	0.7032967032967034	0.1912087912087912
0.4282560706401766	0.024282560706401765	0.24061810154525387	0.3068432671081678
0.5953436807095344	0.0066518847006651885	0.008869179600886918	0.38913525498891355
0.48645598194130923	0.01805869074492099	0.1309255079006772	0.36455981941309257

MOTIF filter30
letter-probability matrix: alength= 4 w= 16 
0.203125	0.015625	0.7734375	0.0078125
0.0078125	0.0	0.984375	0.0078125
0.0	0.1015625	0.8984375	0.0
0.0	0.046875	0.953125	0.0
0.0078125	0.1953125	0.7734375	0.0234375
0.0859375	0.0390625	0.8515625	0.0234375
0.0390625	0.0625	0.765625	0.1328125
0.03125	0.328125	0.5546875	0.0859375
0.078125	0.3046875	0.5625	0.0546875
0.2109375	0.0078125	0.7265625	0.0546875
0.0234375	0.125	0.53125	0.3203125
0.203125	0.203125	0.5546875	0.0390625
0.125	0.1171875	0.703125	0.0546875
0.1746031746031746	0.015873015873015872	0.6507936507936508	0.15873015873015872
0.056	0.424	0.48	0.04
0.25225225225225223	0.02702702702702703	0.6486486486486487	0.07207207207207207

MOTIF filter31
letter-probability matrix: alength= 4 w= 16 
0.23541666666666666	0.3145833333333333	0.19479166666666667	0.2552083333333333
0.8388185654008439	0.09873417721518987	0.027848101265822784	0.03459915611814346
0.31734006734006737	0.25084175084175087	0.31565656565656564	0.11616161616161616
0.8174409127954361	0.05704971475142624	0.02852485737571312	0.09698451507742462
0.44254278728606355	0.13202933985330073	0.40179299103504484	0.023634881825590873
0.38636363636363635	0.09090909090909091	0.04383116883116883	0.4788961038961039
0.2727272727272727	0.020292207792207792	0.6647727272727273	0.04220779220779221
0.8076298701298701	0.0016233766233766235	0.09821428571428571	0.09253246753246754
0.09902597402597403	0.0	0.6599025974025974	0.24107142857142858
0.2069805194805195	0.03165584415584415	0.26055194805194803	0.5008116883116883
0.5032467532467533	0.007305194805194805	0.43993506493506496	0.049512987012987016
