MEME version 4

ALPHABET= ACGU

strands: + -

Background letter frequencies
A 0.25 C 0.25 G 0.25 U 0.25

MOTIF filter0
letter-probability matrix: alength= 4 w= 16 
0.02165605095541401	0.8929936305732484	0.045859872611464965	0.03949044585987261
0.05605095541401274	0.6140127388535032	0.2917197452229299	0.03821656050955414
0.21019108280254778	0.5222929936305732	0.045859872611464965	0.22165605095541402
0.1464968152866242	0.5222929936305732	0.06624203821656051	0.26496815286624203
0.5121019108280255	0.12101910828025478	0.2140127388535032	0.15286624203821655
0.5707006369426751	0.1910828025477707	0.048407643312101914	0.18980891719745224
0.689171974522293	0.05605095541401274	0.0535031847133758	0.20127388535031848
0.8191082802547771	0.06751592356687898	0.008917197452229299	0.10445859872611465
0.9414012738853503	0.05605095541401274	0.0	0.0025477707006369425
0.3057324840764331	0.05605095541401274	0.0	0.6382165605095541
0.32611464968152865	0.024203821656050957	0.4394904458598726	0.21019108280254778
0.7286624203821656	0.02929936305732484	0.062420382165605096	0.17961783439490445
0.6318471337579618	0.10191082802547771	0.014012738853503185	0.2522292993630573
0.6581081081081082	0.11756756756756757	0.004054054054054054	0.22027027027027027
0.09361702127659574	0.4156028368794326	0.3021276595744681	0.18865248226950354
0.36098310291858676	0.3271889400921659	0.1781874039938556	0.1336405529953917

MOTIF filter1
letter-probability matrix: alength= 4 w= 16 
0.6348837209302326	0.175968992248062	0.16124031007751938	0.027906976744186046
0.10819165378670788	0.7782071097372488	0.03168469860896445	0.08191653786707882
0.07187017001545595	0.7472952086553323	0.08114374034003091	0.09969088098918083
0.4785276073619632	0.2791411042944785	0.1142638036809816	0.1280674846625767
0.25685975609756095	0.10518292682926829	0.20807926829268292	0.4298780487804878
0.3071646341463415	0.0861280487804878	0.5426829268292683	0.06402439024390244
0.5914634146341463	0.2545731707317073	0.0701219512195122	0.08384146341463415
0.4527439024390244	0.2423780487804878	0.014481707317073171	0.29039634146341464
0.12652439024390244	0.07317073170731707	0.1638719512195122	0.6364329268292683
0.12271341463414634	0.04725609756097561	0.7507621951219512	0.07926829268292683
0.25152439024390244	0.45884146341463417	0.14176829268292682	0.14786585365853658
0.018292682926829267	0.4054878048780488	0.1951219512195122	0.38109756097560976
0.01600609756097561	0.14557926829268292	0.7172256097560976	0.1211890243902439
0.0	0.3684210526315789	0.6209000762776506	0.010678871090770405
0.06288343558282208	0.3029141104294479	0.6265337423312883	0.007668711656441718
0.04780564263322884	0.7601880877742947	0.1778996865203762	0.014106583072100314

MOTIF filter2
letter-probability matrix: alength= 4 w= 16 
0.034053700065487885	0.20301244269810084	0.4079895219384414	0.35494433529796987
0.0	0.12835625409299278	0.06745252128356254	0.8041912246234446
0.0013097576948264572	0.46430910281597904	0.2920759659462999	0.24230517354289458
0.03077930582842174	0.34905042567125083	0.42370661427635886	0.19646365422396855
0.2829076620825147	0.21218074656188604	0.32154551407989523	0.183366077275704
0.2796332678454486	0.10674525212835625	0.08120497707924033	0.5324165029469549
0.4289456450556647	0.4204322200392927	0.07203667321545514	0.07858546168958742
0.34970530451866405	0.15848068107400132	0.04649639816633923	0.4453176162409954
0.2639161755075311	0.16764898493778652	0.09037328094302555	0.47806155861165683
0.5907007203667322	0.068762278978389	0.0275049115913556	0.31303208906352326
0.9724950884086444	0.015717092337917484	0.0	0.011787819253438114
0.4682383759004584	0.05435494433529797	0.010478061558611657	0.466928618205632
0.7151277013752456	0.13817943680419123	0.026850032743942372	0.11984282907662082
0.8883048620236531	0.000657030223390276	0.06044678055190539	0.05059132720105125
0.15364061456245826	0.17034068136272545	0.2237808951235805	0.45223780895123583
0.4446012702893437	0.020465772759350742	0.41213832039520115	0.12279463655610445

MOTIF filter3
letter-probability matrix: alength= 4 w= 16 
0.236	0.004571428571428572	0.6577142857142857	0.10171428571428572
0.11257142857142857	0.005142857142857143	0.21085714285714285	0.6714285714285714
0.144	0.15085714285714286	0.046857142857142854	0.6582857142857143
0.33714285714285713	0.1457142857142857	0.12057142857142857	0.3965714285714286
0.14971428571428572	0.3777142857142857	0.08685714285714285	0.38571428571428573
0.32057142857142856	0.15314285714285714	0.1982857142857143	0.328
0.030285714285714287	0.05657142857142857	0.1657142857142857	0.7474285714285714
0.45771428571428574	0.13714285714285715	0.014285714285714285	0.39085714285714285
0.46685714285714286	0.10285714285714286	0.2874285714285714	0.14285714285714285
0.248	0.16057142857142856	0.24857142857142858	0.34285714285714286
0.41085714285714287	0.053142857142857144	0.2977142857142857	0.2382857142857143
0.02057142857142857	0.30742857142857144	0.6554285714285715	0.01657142857142857
0.0	0.5234285714285715	0.416	0.060571428571428575
0.0	0.18114285714285713	0.7548571428571429	0.064
0.008571428571428572	0.0	0.0	0.9914285714285714
0.5879574970484062	0.08618654073199528	0.1127508854781582	0.21310507674144039

MOTIF filter4
letter-probability matrix: alength= 4 w= 16 
0.35592686002522067	0.23612862547288777	0.08890290037831021	0.31904161412358134
0.43255950631795476	0.401704378489568	0.06200411401704378	0.10373200117543344
0.37129266927811977	0.318970341354225	0.225517627308338	0.0842193620593173
0.4087856743144936	0.2353105763850028	0.28651371012870736	0.0693900391717963
0.30526021264689424	0.36149972020145493	0.14045886961387802	0.1927811975377728
0.00195858981533296	0.05595970900951315	0.014549524342473419	0.9275321768326805
0.9876888640179071	0.011751538891997761	0.0	0.0005595970900951316
0.001119194180190263	0.002518186905428092	0.8721320649132625	0.1242305540011192
0.30190263010632346	0.011751538891997761	0.21880246222719643	0.4675433687744824
0.567711247901511	0.1085618354784555	0.11303861219921657	0.210688304420817
0.16228315612758815	0.38696138780078343	0.2613318410744264	0.189423614997202
0.08172404142177442	0.4724321298628603	0.2695214105793451	0.17632241813602015
0.28787454494539344	0.28227387286474376	0.2945953514421731	0.13525623074768972
0.021073335206518686	0.810901938746839	0.1185726327620118	0.049452093284630516
0.06132879045996593	0.40090857467348096	0.28989210675752414	0.24787052810902896
0.027349432644748328	0.26942100669188246	0.2825138201920279	0.4207157404713413

MOTIF filter5
letter-probability matrix: alength= 4 w= 16 
0.046052631578947366	0.14567669172932332	0.12969924812030076	0.6785714285714286
0.03571428571428571	0.045112781954887216	0.2199248120300752	0.6992481203007519
0.04131455399061033	0.5586854460093896	0.006572769953051643	0.39342723004694835
0.17652582159624414	0.16901408450704225	0.5915492957746479	0.06291079812206572
0.3126760563380282	0.046009389671361506	0.0676056338028169	0.5737089201877934
0.45539906103286387	0.028169014084507043	0.24131455399061033	0.27511737089201876
0.024413145539906103	0.3464788732394366	0.12112676056338029	0.507981220657277
0.5464788732394367	0.21220657276995306	0.08544600938967137	0.15586854460093896
0.12300469483568074	0.6807511737089202	0.028169014084507043	0.168075117370892
0.05258215962441314	0.14366197183098592	0.06291079812206572	0.7408450704225352
0.4751173708920188	0.07230046948356808	0.2563380281690141	0.19624413145539907
0.36807511737089205	0.2948356807511737	0.016901408450704224	0.32018779342723
0.6347417840375587	0.0892018779342723	0.022535211267605635	0.2535211267605634
0.8244131455399061	0.0009389671361502347	0.011267605633802818	0.16338028169014085
0.005660377358490566	0.6452830188679245	0.16132075471698112	0.1877358490566038
0.6416184971098265	0.008670520231213872	0.2880539499036609	0.06165703275529865

MOTIF filter6
letter-probability matrix: alength= 4 w= 16 
0.07853107344632769	0.7491525423728813	0.12203389830508475	0.05028248587570622
0.007909604519774011	0.7163841807909604	0.1553672316384181	0.12033898305084746
0.0	0.2734463276836158	0.16045197740112993	0.5661016949152542
0.24534686971235195	0.0056401579244218835	0.6548223350253807	0.09419063733784545
0.1308516638465877	0.07501410039481106	0.6790750141003948	0.11505922165820642
0.09137055837563451	0.0772701635645798	0.7202481669486746	0.1111111111111111
0.5792442188381275	0.019740552735476594	0.06486181613085167	0.3361534122955443
0.33784545967287083	0.011844331641285956	0.10490693739424704	0.5454032712915962
0.26057529610829105	0.048505358150028204	0.24421883812746756	0.4467005076142132
0.9278059785673999	0.049069373942470386	0.007332205301748449	0.015792442188381276
0.14833615341229556	0.0580936266215454	0.044557247602932885	0.7490129723632262
0.609383832673827	0.02148106274731487	0.2063312605992086	0.16280384397964953
0.1908831908831909	0.25811965811965815	0.1259259259259259	0.4250712250712251
0.3377521613832853	0.1521613832853026	0.15273775216138327	0.3573487031700288
0.2926829268292683	0.2712671029149316	0.18560380725758477	0.25044616299821537
0.11497824735860783	0.23741454319453076	0.41143567433188316	0.23617153511497824

MOTIF filter7
letter-probability matrix: alength= 4 w= 16 
0.016146393972012917	0.038751345532831	0.03444564047362755	0.9106566200215285
0.7956431535269709	0.09336099585062241	0.035269709543568464	0.07572614107883817
0.33195020746887965	0.03941908713692946	0.4491701244813278	0.17946058091286307
0.12215320910973085	0.5010351966873706	0.16149068322981366	0.2153209109730849
0.056935817805383024	0.44306418219461696	0.15320910973084886	0.34679089026915116
0.577639751552795	0.22153209109730848	0.09420289855072464	0.10662525879917184
0.30434782608695654	0.6407867494824017	0.038302277432712216	0.016563146997929608
0.16252587991718426	0.5093167701863354	0.2370600414078675	0.09109730848861283
0.5331262939958592	0.2805383022774327	0.08178053830227744	0.10455486542443064
0.6759834368530021	0.036231884057971016	0.042443064182194616	0.2453416149068323
0.14803312629399587	0.007246376811594203	0.7556935817805382	0.08902691511387163
0.008281573498964804	0.7246376811594203	0.15838509316770186	0.10869565217391304
0.004140786749482402	0.8519668737060041	0.14078674948240166	0.003105590062111801
0.5714285714285714	0.13034410844629823	0.11887382690302398	0.17935349322210636
0.2103049421661409	0.22397476340694006	0.024185068349106203	0.5415352260778128
0.06986899563318777	0.39192139737991266	0.3962882096069869	0.14192139737991266

MOTIF filter8
letter-probability matrix: alength= 4 w= 16 
0.6550751879699248	0.06672932330827068	0.10526315789473684	0.17293233082706766
0.6320119670905011	0.0	0.25579655946148094	0.11219147344801796
0.2894540014958863	0.0	0.668661181750187	0.041884816753926704
0.5302916978309649	0.006731488406881077	0.04113687359760658	0.4218399401645475
0.0	0.0007479431563201197	0.0	0.9992520568436799
1.0	0.0	0.0	0.0
0.0	0.0	1.0	0.0
0.31039640987284967	0.005235602094240838	0.5841436050860135	0.10022438294689603
0.3807030665669409	0.09424083769633508	0.4225878833208676	0.1024682124158564
0.49962602842183995	0.068810770381451	0.08676140613313388	0.34480179506357517
0.2670157068062827	0.19895287958115182	0.243829468960359	0.29020194465220644
0.18787425149700598	0.2215568862275449	0.43038922155688625	0.1601796407185629
0.21417797888386123	0.21794871794871795	0.19683257918552036	0.37104072398190047
0.17759146341463414	0.3018292682926829	0.2888719512195122	0.23170731707317074
0.2772657450076805	0.15360983102918588	0.40706605222734255	0.1620583717357911
0.3927157561361837	0.11559778305621536	0.3056215360253365	0.18606492478226444

MOTIF filter9
letter-probability matrix: alength= 4 w= 16 
0.23135271807838179	0.0632111251580278	0.2427307206068268	0.46270543615676357
1.0	0.0	0.0	0.0
0.05018450184501845	0.0	0.9498154981549816	0.0
0.025092250922509225	0.0	0.9749077490774908	0.0
0.25977859778597784	0.0	0.6487084870848708	0.09151291512915129
0.35793357933579334	0.0014760147601476014	0.024354243542435424	0.6162361623616236
0.8693726937269373	0.07232472324723248	0.0	0.05830258302583026
0.28044280442804426	0.012546125461254613	0.6863468634686347	0.020664206642066422
0.3771217712177122	0.0988929889298893	0.3380073800738007	0.1859778597785978
0.1918819188191882	0.06642066420664207	0.46494464944649444	0.2767527675276753
0.3800738007380074	0.11070110701107011	0.29298892988929887	0.21623616236162363
0.2140221402214022	0.04428044280442804	0.581549815498155	0.16014760147601476
0.2716506291635825	0.14137675795706883	0.20207253886010362	0.38490007401924503
0.2653673163418291	0.24587706146926536	0.1671664167916042	0.32158920539730135
0.34146341463414637	0.12576219512195122	0.3696646341463415	0.16310975609756098
0.265990639625585	0.19890795631825273	0.3494539781591264	0.1856474258970359

MOTIF filter10
letter-probability matrix: alength= 4 w= 16 
0.36015325670498083	0.0842911877394636	0.19157088122605365	0.36398467432950193
0.6700680272108843	0.06802721088435375	0.16666666666666666	0.09523809523809523
0.8075880758807588	0.016260162601626018	0.14634146341463414	0.02981029810298103
0.3089430894308943	0.032520325203252036	0.5962059620596206	0.06233062330623306
0.42005420054200543	0.0027100271002710027	0.2791327913279133	0.2981029810298103
0.11653116531165311	0.03523035230352303	0.032520325203252036	0.8157181571815718
0.0	0.01084010840108401	0.0	0.989159891598916
1.0	0.0	0.0	0.0
0.0	0.0	1.0	0.0
0.02168021680216802	0.0027100271002710027	0.964769647696477	0.01084010840108401
0.25203252032520324	0.0948509485094851	0.5663956639566395	0.08672086720867209
0.5311653116531165	0.16260162601626016	0.12466124661246612	0.18157181571815717
0.44173441734417346	0.12195121951219512	0.26558265582655827	0.17073170731707318
0.2391304347826087	0.16847826086956522	0.3179347826086957	0.27445652173913043
0.2265193370165746	0.07458563535911603	0.3370165745856354	0.36187845303867405
0.3126760563380282	0.23661971830985915	0.2112676056338028	0.23943661971830985

MOTIF filter11
letter-probability matrix: alength= 4 w= 16 
0.40145985401459855	0.1792376317923763	0.38605028386050283	0.0332522303325223
0.8253145817912657	0.153219837157661	0.014803849000740192	0.006661732050333087
0.17303532804614274	0.12184571016582552	0.2732516222062004	0.43186733958183127
0.059841384282624366	0.0973323720259553	0.7498197548666186	0.09300648882480173
0.27108868060562363	0.4700793078586878	0.2465753424657534	0.012256669069935111
0.29343907714491707	0.5645277577505408	0.136986301369863	0.005046863734679163
0.07570295602018745	0.13338139870223503	0.06272530641672674	0.7281903388608507
0.36409516943042536	0.03172314347512617	0.5046863734679163	0.09949531362653208
0.8774333093006489	0.083633741888969	0.031002162941600575	0.007930785868781542
0.2912761355443403	0.19538572458543618	0.0	0.5133381398702235
0.16222062004325882	0.05912040374909877	0.18745493871665464	0.5912040374909877
0.01658255227108868	0.017303532804614274	0.6842105263157895	0.28190338860850755
0.006488824801730353	0.4116798846431146	0.3684210526315789	0.21341023792357605
0.028219971056439943	0.4992764109985528	0.3581765557163531	0.11432706222865413
0.01684981684981685	0.3252747252747253	0.6190476190476191	0.03882783882783883
0.3119755911517925	0.15865751334858885	0.45232646834477497	0.07704042715484363

MOTIF filter12
letter-probability matrix: alength= 4 w= 16 
0.7508731082654249	0.006984866123399301	0.23282887077997672	0.009313154831199068
0.11355735805330243	0.0	0.8864426419466975	0.0
0.03360370799536501	0.008111239860950173	0.8945538818076477	0.06373117033603708
0.004634994206257242	0.005793742757821553	0.2572421784472769	0.7323290845886443
0.9721900347624566	0.027809965237543453	0.0	0.0
0.0	0.0	1.0	0.0
0.1749710312862109	0.13557358053302435	0.2653534183082271	0.4241019698725377
0.1842410196987254	0.07068366164542295	0.6512166859791425	0.09385863267670916
0.3047508690614137	0.09154113557358054	0.522595596755504	0.08111239860950174
0.320973348783314	0.039397450753186555	0.544611819235226	0.09501738122827347
0.4287369640787949	0.09269988412514485	0.38354577056778677	0.09501738122827347
0.22764227642276422	0.20441347270615565	0.4727061556329849	0.09523809523809523
0.23050058207217694	0.20838183934807916	0.46216530849825377	0.0989522700814901
0.20543093270365997	0.29043683589138136	0.36481700118063753	0.13931523022432113
0.2126642771804062	0.2616487455197133	0.3345280764635603	0.1911589008363202
0.21331689272503082	0.22071516646115907	0.4093711467324291	0.15659679408138102

MOTIF filter13
letter-probability matrix: alength= 4 w= 16 
0.13198458574181118	0.023121387283236993	0.47880539499036606	0.36608863198458574
0.8275109170305677	0.10334788937409024	0.019650655021834062	0.049490538573508006
0.3053066850447967	0.011026878015161957	0.656788421778084	0.026878015161957272
0.36044107512060647	0.2101998621640248	0.41902136457615435	0.010337698139214336
0.6199312714776632	0.03573883161512027	0.16907216494845362	0.17525773195876287
0.0865979381443299	0.029553264604810996	0.49828178694158076	0.38556701030927837
0.5539518900343643	0.26804123711340205	0.021993127147766325	0.15601374570446735
0.004810996563573883	0.01718213058419244	0.9175257731958762	0.06048109965635739
0.11683848797250859	0.04673539518900344	0.04054982817869416	0.7958762886597938
0.6419243986254296	0.3030927835051546	0.019243986254295534	0.03573883161512027
0.0013745704467353953	0.019243986254295534	0.9780068728522336	0.0013745704467353953
0.2140399174122505	0.1720578114246387	0.14796971782518925	0.46593255333792155
0.33241379310344826	0.1406896551724138	0.16137931034482758	0.36551724137931035
0.05493741307371349	0.15438108484005564	0.4666203059805285	0.3240611961057024
0.18341531974701336	0.4118060435699227	0.19747013352073084	0.2073085031623331
0.17765042979942694	0.05515759312320917	0.34885386819484243	0.4183381088825215

MOTIF filter14
letter-probability matrix: alength= 4 w= 16 
0.3644366197183099	0.12323943661971831	0.33098591549295775	0.1813380281690141
0.3208955223880597	0.022388059701492536	0.6044776119402985	0.05223880597014925
0.06973293768545995	0.019287833827893175	0.9094955489614244	0.001483679525222552
0.17655786350148367	0.02373887240356083	0.798219584569733	0.001483679525222552
0.1083086053412463	0.3798219584569733	0.5074183976261127	0.004451038575667656
0.12759643916913946	0.7744807121661721	0.07566765578635015	0.02225519287833828
0.01483679525222552	0.9584569732937686	0.004451038575667656	0.02225519287833828
0.07270029673590504	0.8738872403560831	0.0	0.05341246290801187
0.04747774480712166	0.30415430267062316	0.01483679525222552	0.6335311572700296
0.03115727002967359	0.02967359050445104	0.7091988130563798	0.22997032640949555
0.02225519287833828	0.04747774480712166	0.8664688427299704	0.06379821958456973
0.3204172876304024	0.16989567809239942	0.4113263785394933	0.09836065573770492
0.3093415007656968	0.14854517611026033	0.18989280245022971	0.35222052067381315
0.24088748019017434	0.18858954041204437	0.3074484944532488	0.2630744849445325
0.32673267326732675	0.14356435643564355	0.2838283828382838	0.24587458745874588
0.26161790017211706	0.14629948364888123	0.27882960413080893	0.3132530120481928

MOTIF filter15
letter-probability matrix: alength= 4 w= 16 
0.3684913217623498	0.0	0.3444592790387183	0.2870493991989319
0.0	0.049399198931909215	0.21762349799732977	0.732977303070761
1.0	0.0	0.0	0.0
0.0	0.0	1.0	0.0
0.8923821039903265	0.0048367593712212815	0.045949214026602174	0.056831922611850064
0.06529625151148731	0.0	0.5646916565900847	0.37001209189842804
0.5864570737605804	0.0012091898428053204	0.016928657799274487	0.3954050785973398
0.4195888754534462	0.03869407496977025	0.35308343409915355	0.18863361547763
0.5610640870616687	0.0773881499395405	0.2841596130592503	0.0773881499395405
0.32406287787182586	0.06771463119709795	0.5489721886336155	0.0592503022974607
0.07376058041112454	0.33978234582829503	0.44256348246674726	0.14389359129383314
0.1503030303030303	0.08848484848484849	0.6593939393939394	0.10181818181818182
0.28554070473876064	0.032806804374240585	0.30741190765492105	0.37424058323207776
0.3165644171779141	0.24785276073619633	0.294478527607362	0.1411042944785276
0.18453865336658354	0.1172069825436409	0.5399002493765586	0.15835411471321695
0.19948186528497408	0.19818652849740934	0.4339378238341969	0.16839378238341968

MOTIF filter16
letter-probability matrix: alength= 4 w= 16 
0.21246458923512748	0.21813031161473087	0.26628895184135976	0.3031161473087819
0.32051282051282054	0.12564102564102564	0.43846153846153846	0.11538461538461539
0.19106699751861042	0.06451612903225806	0.71712158808933	0.02729528535980149
0.02729528535980149	0.02729528535980149	0.9305210918114144	0.01488833746898263
0.052109181141439205	0.03722084367245657	0.9106699751861043	0.0
0.004962779156327543	0.38957816377171217	0.6054590570719603	0.0
0.0	0.56575682382134	0.43424317617866004	0.0
0.0024813895781637717	0.6104218362282878	0.3870967741935484	0.0
0.0024813895781637717	0.598014888337469	0.39950372208436724	0.0
0.009925558312655087	0.5136476426799007	0.47146401985111663	0.004962779156327543
0.04218362282878412	0.5161290322580645	0.42431761786600497	0.017369727047146403
0.03526448362720403	0.690176322418136	0.24937027707808565	0.02518891687657431
0.08290155440414508	0.6269430051813472	0.24611398963730569	0.04404145077720207
0.16711590296495957	0.49865229110512127	0.24528301886792453	0.0889487870619946
0.1295774647887324	0.4197183098591549	0.38309859154929576	0.0676056338028169
0.14925373134328357	0.3253731343283582	0.3253731343283582	0.2

MOTIF filter17
letter-probability matrix: alength= 4 w= 16 
0.7527352297592997	0.015317286652078774	0.18818380743982493	0.0437636761487965
0.7379576107899807	0.0	0.26204238921001927	0.0
0.1579961464354528	0.0	0.7398843930635838	0.10211946050096339
0.3699421965317919	0.046242774566473986	0.17148362235067438	0.4123314065510597
0.5703275529865125	0.0038535645472061657	0.22157996146435452	0.20423892100192678
0.28709055876685935	0.007707129094412331	0.16184971098265896	0.5433526011560693
0.009633911368015413	0.06936416184971098	0.05009633911368015	0.8709055876685935
0.9980732177263969	0.0019267822736030828	0.0	0.0
0.0	0.0	1.0	0.0
0.2138728323699422	0.005780346820809248	0.4142581888246628	0.36608863198458574
0.16570327552986513	0.4624277456647399	0.10597302504816955	0.2658959537572254
0.48554913294797686	0.10404624277456648	0.22736030828516376	0.18304431599229287
0.24855491329479767	0.03468208092485549	0.5549132947976878	0.16184971098265896
0.375968992248062	0.4069767441860465	0.16472868217054262	0.05232558139534884
0.5459882583170255	0.06457925636007827	0.34442270058708413	0.04500978473581213
0.26961770623742454	0.16901408450704225	0.3822937625754527	0.1790744466800805

MOTIF filter18
letter-probability matrix: alength= 4 w= 16 
0.4019264448336252	0.09807355516637478	0.1646234676007005	0.3353765323992995
0.4188393608074012	0.13961312026913372	0.03280067283431455	0.4087468460891506
0.5888665325285044	0.21864520456069753	0.10932260228034876	0.08316566063044936
0.10462776659959759	0.10865191146881288	0.7028839704896043	0.08383635144198524
0.5472837022132797	0.18175720992622402	0.18779342723004694	0.08316566063044936
0.21797451374916163	0.06304493628437291	0.21864520456069753	0.500335345405768
0.022132796780684104	0.40778001341381626	0.06975184439973173	0.500335345405768
0.9738430583501007	0.026156941649899398	0.0	0.0
0.004024144869215292	0.0013413816230717639	0.994634473507713	0.0
0.007377598926894702	0.029510395707578806	0.960429242119383	0.0026827632461435278
0.0	0.19919517102615694	0.5425888665325285	0.25821596244131456
0.3380281690140845	0.5264922870556673	0.0	0.13547954393024816
0.33355704697986577	0.10335570469798658	0.5067114093959731	0.056375838926174496
0.21756756756756757	0.10945945945945947	0.5277027027027027	0.14527027027027026
0.23213070115724982	0.16337644656228728	0.4002722940776038	0.2042205582028591
0.1587861679604799	0.21665490472829924	0.2745236414961186	0.35003528581510235

MOTIF filter19
letter-probability matrix: alength= 4 w= 16 
0.0	0.10850034554250172	0.0	0.8914996544574982
1.0	0.0	0.0	0.0
0.0	0.0	1.0	0.0
0.03816300129366106	0.03622250970245795	0.8796895213454075	0.04592496765847348
0.1442432082794308	0.0	0.6119016817593791	0.24385510996119017
0.5756791720569211	0.00258732212160414	0.1998706338939198	0.221862871927555
0.5116429495472187	0.03880983182406209	0.0815006468305304	0.3680465717981889
0.6448900388098319	0.09702457956015524	0.08085381630012936	0.17723156532988357
0.2794307891332471	0.20439844760672704	0.315006468305304	0.20116429495472185
0.2871927554980595	0.17270375161707632	0.45860284605433377	0.0815006468305304
0.18952134540750323	0.25291073738680464	0.2742561448900388	0.2833117723156533
0.14619883040935672	0.3170890188434048	0.4249512670565302	0.11176088369070825
0.21648136036625246	0.2001308044473512	0.22498364944408109	0.35840418574231525
0.1384820239680426	0.3182423435419441	0.2762982689747004	0.2669773635153129
0.11388140161725067	0.32681940700808626	0.36725067385444743	0.19204851752021562
0.15145081387119605	0.3772116065109696	0.22646850672328378	0.2448690728945506

MOTIF filter20
letter-probability matrix: alength= 4 w= 16 
0.006594724220623501	0.02817745803357314	0.21223021582733814	0.7529976019184652
0.5399343544857768	0.16849015317286653	0.016411378555798686	0.275164113785558
0.012582056892778994	0.1936542669584245	0.5142231947483589	0.27954048140043763
0.45038167938931295	0.3685932388222465	0.04743729552889858	0.13358778625954199
0.16357688113413305	0.5016357688113413	0.1346782988004362	0.20010905125408943
0.5046070460704607	0.208130081300813	0.1886178861788618	0.0986449864498645
0.16368563685636855	0.0032520325203252032	0.7241192411924119	0.10894308943089431
0.6780487804878049	0.001084010840108401	0.3176151761517615	0.0032520325203252032
0.6531165311653117	0.05257452574525745	0.28075880758807586	0.013550135501355014
0.5241192411924119	0.3804878048780488	0.053116531165311655	0.04227642276422764
0.5436314363143632	0.2948509485094851	0.07750677506775068	0.08401084010840108
0.5490514905149051	0.23794037940379403	0.12628726287262873	0.08672086720867209
0.017915309446254073	0.7307274701411509	0.20684039087947884	0.04451682953311618
0.036996735582154515	0.735582154515778	0.10935799782372144	0.11806311207834602
0.3121924548933844	0.476763258611263	0.0377255330781848	0.17331875341716785
0.08352017937219731	0.4080717488789238	0.005044843049327354	0.5033632286995515

MOTIF filter21
letter-probability matrix: alength= 4 w= 16 
0.10488888888888889	0.11911111111111111	0.34844444444444445	0.4275555555555556
0.0008888888888888889	0.060444444444444446	0.09955555555555555	0.8391111111111111
0.08355555555555555	0.34933333333333333	0.0035555555555555557	0.5635555555555556
0.24622222222222223	0.3857777777777778	0.21066666666666667	0.15733333333333333
0.05688888888888889	0.16	0.09866666666666667	0.6844444444444444
0.044444444444444446	0.6151111111111112	0.025777777777777778	0.31466666666666665
0.008	0.20266666666666666	0.45866666666666667	0.33066666666666666
0.06488888888888888	0.4471111111111111	0.0	0.488
0.024888888888888887	0.42577777777777776	0.44177777777777777	0.10755555555555556
0.08266666666666667	0.5831111111111111	0.104	0.23022222222222222
0.14755555555555555	0.27555555555555555	0.0951111111111111	0.4817777777777778
0.3982222222222222	0.21333333333333335	0.12622222222222224	0.26222222222222225
0.11911111111111111	0.11466666666666667	0.12444444444444444	0.6417777777777778
0.9271111111111111	0.059555555555555556	0.0	0.013333333333333334
0.6373333333333333	0.013333333333333334	0.34933333333333333	0.0
0.32432432432432434	0.0018018018018018018	0.5873873873873874	0.08648648648648649

MOTIF filter22
letter-probability matrix: alength= 4 w= 16 
0.1894273127753304	0.5682819383259912	0.02643171806167401	0.21585903083700442
0.19383259911894274	0.5506607929515418	0.09251101321585903	0.16299559471365638
0.16740088105726872	0.6563876651982379	0.02643171806167401	0.14977973568281938
0.14977973568281938	0.4845814977973568	0.039647577092511016	0.32599118942731276
0.030837004405286344	0.801762114537445	0.030837004405286344	0.13656387665198239
0.06607929515418502	0.7797356828193832	0.00881057268722467	0.14537444933920704
0.00881057268722467	0.8590308370044053	0.004405286343612335	0.1277533039647577
0.1013215859030837	0.7048458149779736	0.02643171806167401	0.16740088105726872
0.08370044052863436	0.7224669603524229	0.00881057268722467	0.18502202643171806
0.09691629955947137	0.6828193832599119	0.01762114537444934	0.2026431718061674
0.06607929515418502	0.7136563876651982	0.0	0.22026431718061673
0.18502202643171806	0.6828193832599119	0.022026431718061675	0.11013215859030837
0.07488986784140969	0.6035242290748899	0.004405286343612335	0.31718061674008813
0.13215859030837004	0.42290748898678415	0.030837004405286344	0.41409691629955947
0.1145374449339207	0.7841409691629956	0.03524229074889868	0.06607929515418502
0.10714285714285714	0.7232142857142857	0.022321428571428572	0.14732142857142858

MOTIF filter23
letter-probability matrix: alength= 4 w= 16 
0.6451612903225806	0.11059907834101383	0.11059907834101383	0.1336405529953917
0.5604395604395604	0.02197802197802198	0.20512820512820512	0.21245421245421245
0.040145985401459854	0.051094890510948905	0.7627737226277372	0.145985401459854
0.0	0.01824817518248175	0.9781021897810219	0.0036496350364963502
0.0	0.025547445255474453	0.9379562043795621	0.0364963503649635
0.0	0.14963503649635038	0.843065693430657	0.0072992700729927005
0.0	0.051094890510948905	0.8503649635036497	0.09854014598540146
0.09854014598540146	0.0	0.8978102189781022	0.0036496350364963502
0.025547445255474453	0.17153284671532848	0.5218978102189781	0.28102189781021897
0.058394160583941604	0.20072992700729927	0.2737226277372263	0.46715328467153283
0.5109489051094891	0.09124087591240876	0.38321167883211676	0.014598540145985401
0.17883211678832117	0.13138686131386862	0.6167883211678832	0.072992700729927
0.0072992700729927005	0.010948905109489052	0.08759124087591241	0.8941605839416058
0.37362637362637363	0.27472527472527475	0.2673992673992674	0.08424908424908426
0.20676691729323307	0.12781954887218044	0.39849624060150374	0.2669172932330827
0.2901960784313726	0.21176470588235294	0.16470588235294117	0.3333333333333333

MOTIF filter24
letter-probability matrix: alength= 4 w= 16 
0.1486725663716814	0.19823008849557522	0.44874063989108237	0.204356705241661
0.22759249609171445	0.16310578426263678	0.3766284523189161	0.23267326732673269
0.2585051220437587	0.23106108511445556	0.32452257493360315	0.18591121790818263
0.4085773296075811	0.20034017737820434	0.19669541975458632	0.19438707325962823
0.2642728904847397	0.222262118491921	0.3053261520047876	0.20813883901855176
0.2619330325338399	0.17917359297079077	0.2967228686772738	0.2621705058180955
0.2902882797731569	0.27859168241965976	0.22459829867674858	0.20652173913043478
0.3193525519848771	0.39331285444234404	0.0975897920604915	0.18974480151228734
0.27256616257088845	0.4255671077504726	0.024102079395085067	0.27776465028355385
0.0	0.3714555765595463	0.07325141776937619	0.5552930056710775
0.0	0.006852551984877127	0.8956758034026465	0.09747164461247637
0.0	0.0	1.0	0.0
0.019612476370510397	0.002008506616257089	0.9783790170132325	0.0
0.2825408261287224	0.295028818443804	0.4127041306436119	0.009726224783861672
0.28724320334604503	0.4699224996924591	0.2172468938368803	0.025587403124615573
0.15862862990917231	0.47690930024306	0.16502494563131637	0.19943712421645132

MOTIF filter25
letter-probability matrix: alength= 4 w= 16 
0.11904761904761904	0.18452380952380953	0.6845238095238095	0.011904761904761904
0.02976190476190476	0.19047619047619047	0.7678571428571429	0.011904761904761904
0.03550295857988166	0.1893491124260355	0.6390532544378699	0.13609467455621302
0.005917159763313609	0.21893491124260356	0.7692307692307693	0.005917159763313609
0.005917159763313609	0.01775147928994083	0.9289940828402367	0.047337278106508875
0.005917159763313609	0.21301775147928995	0.757396449704142	0.023668639053254437
0.1242603550295858	0.6804733727810651	0.1834319526627219	0.011834319526627219
0.011834319526627219	0.005917159763313609	0.005917159763313609	0.9763313609467456
0.1893491124260355	0.28994082840236685	0.514792899408284	0.005917159763313609
0.4378698224852071	0.14201183431952663	0.2485207100591716	0.17159763313609466
0.33727810650887574	0.08284023668639054	0.28994082840236685	0.28994082840236685
0.047337278106508875	0.09467455621301775	0.46745562130177515	0.3905325443786982
0.1301775147928994	0.011834319526627219	0.7810650887573964	0.07692307692307693
0.005988023952095809	0.041916167664670656	0.844311377245509	0.10778443113772455
0.08695652173913043	0.012422360248447204	0.8757763975155279	0.024844720496894408
0.08053691275167785	0.21476510067114093	0.5704697986577181	0.1342281879194631

MOTIF filter26
letter-probability matrix: alength= 4 w= 16 
0.4680232558139535	0.36046511627906974	0.0377906976744186	0.13372093023255813
0.7718579234972678	0.050546448087431695	0.06693989071038252	0.11065573770491803
0.028688524590163935	0.1448087431693989	0.26229508196721313	0.5642076502732241
0.012295081967213115	0.273224043715847	0.644808743169399	0.06967213114754098
0.020491803278688523	0.13387978142076504	0.09836065573770492	0.7472677595628415
0.0	0.8032786885245902	0.19672131147540983	0.0
0.10245901639344263	0.009562841530054645	0.319672131147541	0.5683060109289617
0.017759562841530054	0.02459016393442623	0.07513661202185792	0.8825136612021858
0.06557377049180328	0.025956284153005466	0.7472677595628415	0.16120218579234974
0.2814207650273224	0.05737704918032787	0.050546448087431695	0.610655737704918
0.36475409836065575	0.4057377049180328	0.04644808743169399	0.1830601092896175
0.454172366621067	0.024623803009575923	0.019151846785225718	0.5020519835841313
0.48356164383561645	0.13561643835616438	0.3041095890410959	0.07671232876712329
0.10055096418732783	0.3415977961432507	0.02066115702479339	0.5371900826446281
0.1712707182320442	0.17955801104972377	0.6187845303867403	0.03038674033149171
0.3708513708513709	0.2842712842712843	0.19480519480519481	0.15007215007215008

MOTIF filter27
letter-probability matrix: alength= 4 w= 16 
0.810126582278481	0.05063291139240506	0.0	0.13924050632911392
0.4156378600823045	0.0	0.4609053497942387	0.12345679012345678
0.412	0.176	0.164	0.248
0.272	0.2	0.228	0.3
0.812	0.144	0.016	0.028
0.372	0.128	0.468	0.032
0.016	0.0	0.356	0.628
0.024	0.056	0.0	0.92
0.012	0.088	0.12	0.78
0.492	0.456	0.02	0.032
0.044	0.028	0.684	0.244
0.036	0.256	0.144	0.564
0.2	0.4	0.112	0.288
0.08	0.008	0.78	0.132
0.9156626506024096	0.01606425702811245	0.0	0.06827309236947791
0.11382113821138211	0.0	0.8414634146341463	0.044715447154471545

MOTIF filter28
letter-probability matrix: alength= 4 w= 16 
0.179080824088748	0.32752245113576334	0.03592181722134179	0.4574749075541469
0.12519809825673534	0.047015319598520865	0.4780771262546223	0.3497094558901215
0.017960908610670893	0.3729529846804015	0.03328050713153724	0.5758055995773904
0.08663497094558902	0.6270470153195985	0.06286318013734812	0.22345483359746435
0.8541882109617374	0.035677352637021716	0.06153050672182006	0.04860392967942089
0.01499482936918304	0.12202688728024819	0.8541882109617374	0.008790072388831437
0.3831437435367115	0.1483971044467425	0.4389865563598759	0.029472595656670115
0.8045501551189245	0.020682523267838676	0.055842812823164424	0.1189245087900724
0.4157187176835574	0.37280248190279214	0.0025853154084798345	0.20889348500517063
0.27714581178903824	0.6271975180972078	0.027404343329886244	0.06825232678386763
0.16804550155118925	0.2404343329886246	0.5667011375387797	0.02481902792140641
0.2791299844640083	0.5504919730709477	0.04091144484722942	0.1294665976178146
0.04831168831168831	0.19532467532467532	0.4316883116883117	0.3246753246753247
0.39401888772298005	0.11332633788037776	0.09338929695697797	0.39926547743966423
0.20804658549497088	0.15616728427739546	0.1709899417681313	0.4647961884595024
0.32259825327510916	0.5365720524017468	0.04694323144104803	0.09388646288209607

MOTIF filter29
letter-probability matrix: alength= 4 w= 16 
0.9940784603997039	0.0	0.0051813471502590676	0.0007401924500370096
0.736599219027334	0.0	0.26340078097266595	0.0
0.3990060347887824	0.0	0.6009939652112176	0.0
0.4653887113951012	0.0	0.5346112886048988	0.0
0.4802981895633653	0.0	0.31309904153354634	0.2066027689030884
0.38516151934682286	0.0	0.019524316648917288	0.5953141640042598
0.6244231451899184	0.024849130280440185	0.09939652112176074	0.25133120340788073
0.2012779552715655	0.02023429179978701	0.45757898473553427	0.32090876819311326
0.44053958111466096	0.04401845935392261	0.0397586084487043	0.4756833510827121
0.30244941427050054	0.1111111111111111	0.33830315938942135	0.24813631522896698
0.41178558750443733	0.17891373801916932	0.11359602413915514	0.2957046503372382
0.4295925661186562	0.2437455325232309	0.2194424588992137	0.10721944245889921
0.2808664259927798	0.196028880866426	0.4736462093862816	0.04945848375451264
0.24395604395604395	0.09853479853479853	0.42637362637362636	0.23113553113553115
0.44053353093738423	0.268247499073731	0.051871063356798815	0.23934790663208597
0.14026974951830443	0.22003853564547207	0.4581888246628131	0.1815028901734104

MOTIF filter30
letter-probability matrix: alength= 4 w= 16 
0.8018181818181818	0.14181818181818182	0.01818181818181818	0.038181818181818185
0.07956600361663653	0.5605786618444847	0.34177215189873417	0.018083182640144666
0.8939393939393939	0.005050505050505051	0.09595959595959595	0.005050505050505051
0.40365448504983387	0.061461794019933555	0.45514950166112955	0.07973421926910298
0.10299003322259136	0.11295681063122924	0.6627906976744186	0.1212624584717608
0.9169435215946844	0.02823920265780731	0.0033222591362126247	0.05149501661129568
0.3388704318936877	0.14451827242524917	0.33222591362126247	0.18438538205980065
0.16279069767441862	0.019933554817275746	0.313953488372093	0.5033222591362126
0.7657807308970099	0.10963455149501661	0.0	0.12458471760797342
0.20764119601328904	0.07973421926910298	0.6976744186046512	0.014950166112956811
0.420265780730897	0.11461794019933555	0.4601328903654485	0.0049833887043189366
0.008305647840531562	0.5199335548172758	0.3239202657807309	0.1478405315614618
0.08637873754152824	0.6013289036544851	0.0681063122923588	0.2441860465116279
0.008319467554076539	0.8352745424292846	0.12312811980033278	0.033277870216306155
0.15577889447236182	0.10552763819095477	0.24958123953098826	0.48911222780569513
0.23851590106007067	0.26501766784452296	0.03180212014134275	0.46466431095406363

MOTIF filter31
letter-probability matrix: alength= 4 w= 16 
0.17176596886741816	0.1615673644659152	0.33923778851315084	0.32742887815351585
0.06627471940138963	0.27685729556386957	0.5761624799572421	0.08070550507749866
0.13432835820895522	0.4552238805970149	0.38486140724946694	0.0255863539445629
0.04797441364605544	0.14285714285714285	0.5565031982942431	0.2526652452025586
0.005863539445628998	0.7574626865671642	0.17537313432835822	0.06130063965884861
0.010127931769722815	0.4680170575692964	0.31236673773987206	0.20948827292110875
0.0010660980810234541	0.2974413646055437	0.6327292110874201	0.06876332622601279
0.0026652452025586353	0.0255863539445629	0.9067164179104478	0.0650319829424307
0.2979744136460554	0.17430703624733476	0.43336886993603413	0.0943496801705757
0.36140724946695096	0.03251599147121535	0.4093816631130064	0.19669509594882728
0.5250533049040512	0.2595948827292111	0.08368869936034115	0.13166311300639658
0.9626865671641791	0.012260127931769723	0.010127931769722815	0.014925373134328358
0.3466666666666667	0.16853333333333334	0.19786666666666666	0.2869333333333333
0.6677384780278671	0.05091103965702037	0.06162915326902465	0.21972132904608788
0.09544468546637744	0.22288503253796096	0.6122559652928417	0.06941431670281996
0.5536018150879183	0.02949517867271696	0.30005672149744755	0.11684628474191719
