MEME version 4

ALPHABET= ACGU

strands: + -

Background letter frequencies
A 0.25 C 0.25 G 0.25 U 0.25

MOTIF filter0
letter-probability matrix: alength= 4 w= 16 
0.37934381673461465	0.2780042710153368	0.1972432537371384	0.14540865851291013
0.6100617828773168	0.07572815533980583	0.1263901147396293	0.187819947043248
0.3772204806687565	0.15029606408916754	0.2058516196447231	0.2666318355973528
0.7842524605530385	0.07248867364474301	0.06702077800343696	0.07623808779878144
0.30417122324636775	0.236681768473676	0.405561630995157	0.05358537728479925
0.8891837053223037	0.10941158108319025	0.0010925550179491181	0.0003121585765568909
0.30404245356641174	0.0006243171531137818	0.6831590447947558	0.012174184485718746
0.06992352114874356	0.0029655064772904634	0.10722647104729202	0.8198845013266739
0.45684407679100986	0.3241766817543312	0.03152801623224598	0.18745122522241298
0.314655845169346	0.15311378180115498	0.3756828468862182	0.1565475261432808
0.30622756360230996	0.23958170750741375	0.05556422662712658	0.39862650226314966
0.19731081926203878	0.5706691682301438	0.08380237648530331	0.14821763602251406
0.5662650602409639	0.09685495227663903	0.09278673134094821	0.24409325614144892
0.26057556219531375	0.008649158672747287	0.5604654819940242	0.17030979713791478
0.09378477189635988	0.0815450643776824	0.3026545859163885	0.5220155778095692
0.3990139687756779	0.1171733771569433	0.3531635168447001	0.1306491372226787

MOTIF filter1
letter-probability matrix: alength= 4 w= 16 
0.4190871369294606	0.1313969571230982	0.1313969571230982	0.318118948824343
0.3220338983050847	0.03911342894393742	0.5814863102998696	0.05736636245110821
0.04015544041450777	0.16321243523316062	0.6282383419689119	0.16839378238341968
0.031088082901554404	0.16968911917098445	0.5854922279792746	0.21373056994818654
0.4496124031007752	0.007751937984496124	0.2739018087855297	0.268733850129199
0.08527131782945736	0.6111111111111112	0.26356589147286824	0.040051679586563305
0.48578811369509045	0.02454780361757106	0.2454780361757106	0.2441860465116279
0.5762273901808785	0.20801033591731266	0.12532299741602068	0.09043927648578812
0.35917312661498707	0.0012919896640826874	0.16020671834625322	0.479328165374677
0.40568475452196384	0.3488372093023256	0.19638242894056848	0.04909560723514212
0.11498708010335917	0.0710594315245478	0.7906976744186046	0.023255813953488372
0.025839793281653745	0.020671834625323	0.9534883720930233	0.0
0.0012919896640826874	0.10594315245478036	0.872093023255814	0.020671834625323
0.0	0.2739018087855297	0.7260981912144703	0.0
0.0	0.10465116279069768	0.8410852713178295	0.05426356589147287
0.11451398135818908	0.21438082556591212	0.5419440745672437	0.12916111850865514

MOTIF filter2
letter-probability matrix: alength= 4 w= 16 
0.5129682997118156	0.138328530259366	0.2564841498559078	0.09221902017291066
0.3879781420765027	0.09289617486338798	0.3551912568306011	0.16393442622950818
0.2807486631016043	0.06417112299465241	0.18716577540106952	0.4679144385026738
0.5925925925925926	0.15608465608465608	0.1455026455026455	0.10582010582010581
0.35356200527704484	0.22955145118733508	0.19525065963060687	0.22163588390501318
0.29023746701846964	0.5567282321899736	0.1345646437994723	0.018469656992084433
0.21372031662269128	0.5778364116094987	0.17150395778364116	0.036939313984168866
0.052770448548812667	0.7730870712401056	0.1662269129287599	0.0079155672823219
0.036939313984168866	0.9102902374670184	0.052770448548812667	0.0
0.021108179419525065	0.8891820580474934	0.0158311345646438	0.07387862796833773
0.17941952506596306	0.7757255936675461	0.04221635883905013	0.002638522427440633
0.05804749340369393	0.41424802110817943	0.06068601583113457	0.46701846965699206
0.013192612137203167	0.7519788918205804	0.002638522427440633	0.23218997361477572
0.6015831134564644	0.37994722955145116	0.013192612137203167	0.005277044854881266
0.002638522427440633	0.7730870712401056	0.0	0.22427440633245382
0.06199460916442048	0.8436657681940701	0.0673854447439353	0.026954177897574125

MOTIF filter3
letter-probability matrix: alength= 4 w= 16 
0.06666666666666667	0.408	0.010666666666666666	0.5146666666666667
0.18159203980099503	0.4054726368159204	0.15422885572139303	0.25870646766169153
0.25870646766169153	0.27611940298507465	0.39800995024875624	0.06716417910447761
0.7786069651741293	0.0845771144278607	0.05472636815920398	0.08208955223880597
0.13681592039800994	0.8432835820895522	0.0	0.01990049751243781
0.11691542288557213	0.3308457711442786	0.0024875621890547263	0.5497512437810945
0.2810945273631841	0.15920398009950248	0.024875621890547265	0.5348258706467661
0.22388059701492538	0.2810945273631841	0.007462686567164179	0.48756218905472637
0.7860696517412935	0.08706467661691543	0.05721393034825871	0.06965174129353234
0.6417910447761194	0.0	0.3407960199004975	0.017412935323383085
0.6915422885572139	0.017412935323383085	0.2860696517412935	0.004975124378109453
0.11442786069651742	0.30845771144278605	0.5	0.07711442786069651
0.0	0.5945273631840796	0.05223880597014925	0.35323383084577115
0.0	0.08208955223880597	0.07213930348258707	0.845771144278607
0.027707808564231738	0.017632241813602016	0.04534005037783375	0.9093198992443325
0.11609498680738786	0.2770448548812665	0.24274406332453827	0.3641160949868074

MOTIF filter4
letter-probability matrix: alength= 4 w= 16 
0.3576437587657784	0.05750350631136045	0.5217391304347826	0.06311360448807854
0.335	0.035	0.56625	0.06375
0.20783847980997625	0.014251781472684086	0.7577197149643705	0.020190023752969122
0.2878965922444183	0.0023501762632197414	0.6956521739130435	0.01410105757931845
0.199764982373678	0.0	0.782608695652174	0.01762632197414806
0.3983548766157462	0.0035252643948296123	0.5370152761457109	0.06110458284371328
0.6380728554641598	0.036427732079905996	0.2925969447708578	0.03290246768507638
0.25499412455934195	0.04230317273795535	0.6333725029377203	0.06933019976498238
0.21151586368977673	0.03525264394829612	0.6627497062279671	0.09048178613396005
0.24206815511163338	0.0481786133960047	0.6145710928319624	0.09518213866039953
0.38425381903642775	0.011750881316098707	0.5522914218566393	0.05170387779083431
0.25851938895417154	0.03407755581668625	0.63689776733255	0.07050528789659224
0.3207990599294947	0.04700352526439483	0.6145710928319624	0.01762632197414806
0.26588235294117646	0.06352941176470588	0.5870588235294117	0.08352941176470588
0.08382526564344746	0.04132231404958678	0.807556080283353	0.06729634002361275
0.21077844311377245	0.11377245508982035	0.5029940119760479	0.1724550898203593

MOTIF filter5
letter-probability matrix: alength= 4 w= 16 
0.13126079447322972	0.7944732297063903	0.03626943005181347	0.037996545768566495
0.46797608881298036	0.2775405636208369	0.22544833475661827	0.029035012809564473
0.4833759590792839	0.13981244671781756	0.12702472293265132	0.24978687127024723
0.3018707482993197	0.04846938775510204	0.09098639455782313	0.5586734693877551
0.004251700680272109	0.030612244897959183	0.5068027210884354	0.4583333333333333
0.04591836734693878	0.02891156462585034	0.6709183673469388	0.2542517006802721
0.0	0.16156462585034015	0.8120748299319728	0.026360544217687076
0.0	0.7304421768707483	0.06972789115646258	0.19982993197278912
0.016156462585034014	0.9642857142857143	0.012755102040816327	0.006802721088435374
0.11904761904761904	0.26360544217687076	0.19302721088435373	0.42431972789115646
0.20493197278911565	0.1836734693877551	0.08843537414965986	0.5229591836734694
0.504258943781942	0.1030664395229983	0.34667802385008517	0.04599659284497445
0.5217391304347826	0.020460358056265986	0.216538789428815	0.2412617220801364
0.3122866894197952	0.128839590443686	0.043515358361774746	0.515358361774744
0.3804159445407279	0.2045060658578856	0.39428076256499134	0.02079722703639515
0.21143375680580762	0.18602540834845735	0.4827586206896552	0.11978221415607986

MOTIF filter6
letter-probability matrix: alength= 4 w= 16 
0.10420936465394924	0.16821693205107993	0.5940406747595774	0.13353302853539334
0.3112980769230769	0.3308293269230769	0.13822115384615385	0.21965144230769232
0.2199400299850075	0.28050974512743626	0.3719640179910045	0.12758620689655173
0.5669943820224719	0.10140449438202247	0.02991573033707865	0.30168539325842697
0.08298230834035383	0.007020499859590003	0.8649255827014883	0.04507160909856782
0.2238135355237293	0.4161752316764954	0.16933445661331087	0.19067677618646448
0.34821679303566416	0.31830946363381074	0.20541982589160349	0.12805391743892164
0.04493119910137602	0.8433024431339511	0.014462229710755406	0.09730412805391744
0.32926144341477115	0.2563886548722269	0.33572030328559394	0.07862959842740803
0.05237292895254142	0.600393147992137	0.06051670878966582	0.2867172142656557
0.635495647290087	0.09491715810165684	0.2280258354394833	0.041561359168772814
0.5138323269203764	0.2656930206431681	0.028366802415391097	0.19210785002106445
0.17623929223423676	0.4437578991714647	0.32677994663670834	0.053222861957590226
0.5426040494938132	0.0044994375703037125	0.44769403824521936	0.005202474690663667
0.16557796080658904	0.005822209599545583	0.6721101959670548	0.15648963362681056
0.26398444510918334	0.08659886329644033	0.41011067903081067	0.23930601256356565

MOTIF filter7
letter-probability matrix: alength= 4 w= 16 
0.03153526970954357	0.24149377593360996	0.5302904564315353	0.1966804979253112
0.04473902236951118	0.44573322286661143	0.2750621375310688	0.23446561723280862
0.14014839241549876	0.23495465787304204	0.09975267930750206	0.5251442704039572
0.06924979389942292	0.07254740313272877	0.4319868095630668	0.42621599340478156
0.02720527617477329	0.028029678483099753	0.35449299258037925	0.5902720527617478
0.08491343775762572	0.3816982687551525	0.18878812860676009	0.3446001648804617
0.35614179719703215	0.14921681780708987	0.48639736191261335	0.008244023083264633
0.0032976092333058533	0.7056883759274526	0.07007419620774938	0.22093981863149217
0.018136850783182192	0.9612530915086562	0.016488046166529265	0.004122011541632316
0.038746908491343775	0.8260511129431163	0.005770816158285243	0.12943116240725475
0.013190436933223413	0.8697444352844188	0.0016488046166529267	0.11541632316570487
0.22625928984310487	0.639141205615194	0.05532617671345995	0.07927332782824112
0.3308333333333333	0.1775	0.11583333333333333	0.37583333333333335
0.28439597315436244	0.12248322147651007	0.32298657718120805	0.2701342281879195
0.11962931760741365	0.17860151642796968	0.565290648694187	0.13647851727042964
0.6387931034482759	0.061206896551724135	0.2801724137931034	0.019827586206896553

MOTIF filter8
letter-probability matrix: alength= 4 w= 16 
0.03387096774193549	0.6	0.23225806451612904	0.1338709677419355
0.22596153846153846	0.2564102564102564	0.453525641025641	0.0641025641025641
0.16506410256410256	0.08974358974358974	0.4326923076923077	0.3125
0.057692307692307696	0.483974358974359	0.038461538461538464	0.4198717948717949
0.5160256410256411	0.3189102564102564	0.04487179487179487	0.1201923076923077
0.2419871794871795	0.6907051282051282	0.04807692307692308	0.019230769230769232
0.7536	0.1408	0.1024	0.0032
0.1536	0.0016	0.8176	0.0272
0.0416	0.0	0.784	0.1744
0.1648	0.0752	0.0544	0.7056
0.2336	0.0256	0.0448	0.696
0.9632	0.0	0.0368	0.0
0.17713365539452497	0.30112721417069244	0.09017713365539452	0.43156199677938806
0.7061688311688312	0.03896103896103896	0.07954545454545454	0.17532467532467533
0.523102310231023	0.19471947194719472	0.2590759075907591	0.0231023102310231
0.18771331058020477	0.14846416382252559	0.3310580204778157	0.33276450511945393

MOTIF filter9
letter-probability matrix: alength= 4 w= 16 
0.19548218940052128	0.5178105994787141	0.009556907037358819	0.27715030408340574
0.06013745704467354	0.5420962199312714	0.327319587628866	0.070446735395189
0.013745704467353952	0.40034364261168387	0.5266323024054983	0.059278350515463915
0.3024054982817869	0.4965635738831615	0.04381443298969072	0.15721649484536082
0.35309278350515466	0.2860824742268041	0.15549828178694158	0.20532646048109965
0.02147766323024055	0.7852233676975945	0.11426116838487972	0.07903780068728522
0.5103092783505154	0.16323024054982818	0.16494845360824742	0.16151202749140894
0.35223367697594504	0.3943298969072165	0.03350515463917526	0.21993127147766323
0.12972508591065293	0.665807560137457	0.03264604810996564	0.1718213058419244
0.005154639175257732	0.47594501718213056	0.4845360824742268	0.03436426116838488
0.5060137457044673	0.45618556701030927	0.02577319587628866	0.012027491408934709
0.028350515463917526	0.23797250859106528	0.7242268041237113	0.009450171821305841
0.006013745704467354	0.6967353951890034	0.2972508591065292	0.0
0.0	0.8797250859106529	0.06786941580756013	0.05240549828178694
0.04612706701479547	0.37684943429068757	0.2297650130548303	0.3472584856396867
0.13345356176735798	0.6293958521190262	0.12443642921550947	0.1127141568981064

MOTIF filter10
letter-probability matrix: alength= 4 w= 16 
0.1623296158612144	0.4510532837670384	0.3674101610904585	0.019206939281288724
0.06531115218730746	0.1836105976586568	0.6327788046826864	0.11829944547134935
0.05545286506469501	0.6654343807763401	0.19408502772643252	0.08502772643253234
0.4267241379310345	0.18842364532019704	0.0665024630541872	0.3183497536945813
0.08559113300492611	0.4649014778325123	0.24692118226600984	0.2025862068965517
0.050492610837438424	0.8245073891625616	0.10098522167487685	0.02401477832512315
0.0006157635467980296	0.812807881773399	0.18657635467980296	0.0
0.019088669950738917	0.42795566502463056	0.44273399014778325	0.1102216748768473
0.004310344827586207	0.45073891625615764	0.2832512315270936	0.2616995073891626
0.003694581280788177	0.44519704433497537	0.09298029556650246	0.458128078817734
0.7869458128078818	0.15578817733990147	0.05172413793103448	0.005541871921182266
0.10591133004926108	0.09482758620689655	0.17118226600985223	0.6280788177339901
0.8753855644663788	0.05860579888957434	0.0012338062924120913	0.0647748303516348
0.464797507788162	0.29345794392523367	0.06542056074766354	0.1763239875389408
0.39326556543837354	0.2604828462515883	0.1905972045743329	0.1556543837357052
0.39642620780939775	0.1442753143613501	0.36664460622104567	0.09265387160820648

MOTIF filter11
letter-probability matrix: alength= 4 w= 16 
0.12	0.037333333333333336	0.17333333333333334	0.6693333333333333
0.5452127659574468	0.32978723404255317	0.05851063829787234	0.06648936170212766
0.27925531914893614	0.35106382978723405	0.03723404255319149	0.3324468085106383
0.12234042553191489	0.0398936170212766	0.1276595744680851	0.7101063829787234
0.07446808510638298	0.8936170212765957	0.031914893617021274	0.0
0.1675531914893617	0.27393617021276595	0.08776595744680851	0.47074468085106386
0.3377659574468085	0.14361702127659576	0.1702127659574468	0.3484042553191489
0.898936170212766	0.034574468085106384	0.0026595744680851063	0.06382978723404255
0.4175531914893617	0.10106382978723404	0.007978723404255319	0.4734042553191489
0.18085106382978725	0.08776595744680851	0.0	0.7313829787234043
0.0	0.0	0.007978723404255319	0.9920212765957447
0.005319148936170213	0.19148936170212766	0.005319148936170213	0.7978723404255319
0.0	0.17287234042553193	0.324468085106383	0.5026595744680851
0.0	0.5361930294906166	0.19302949061662197	0.2707774798927614
0.21212121212121213	0.024793388429752067	0.23415977961432508	0.5289256198347108
0.6151603498542274	0.12244897959183673	0.06705539358600583	0.19533527696793002

MOTIF filter12
letter-probability matrix: alength= 4 w= 16 
0.4166666666666667	0.38181818181818183	0.19696969696969696	0.004545454545454545
0.13043478260869565	0.8065967016491754	0.05247376311844078	0.010494752623688156
0.5224550898203593	0.2904191616766467	0.17964071856287425	0.0074850299401197605
0.8204379562043795	0.12700729927007298	0.042335766423357665	0.010218978102189781
0.3518248175182482	0.0905109489051095	0.5576642335766423	0.0
0.8510948905109489	0.00145985401459854	0.14744525547445256	0.0
0.43795620437956206	0.00145985401459854	0.4321167883211679	0.12846715328467154
0.10802919708029197	0.08321167883211679	0.5386861313868613	0.27007299270072993
0.5605839416058395	0.16642335766423358	0.272992700729927	0.0
0.15474452554744525	0.6992700729927007	0.06423357664233577	0.08175182481751825
0.5284671532846715	0.2656934306569343	0.16204379562043797	0.043795620437956206
0.3781021897810219	0.049635036496350364	0.5197080291970803	0.052554744525547446
0.39124087591240875	0.014598540145985401	0.4832116788321168	0.11094890510948906
0.03367496339677892	0.14641288433382138	0.4612005856515373	0.35871156661786235
0.8797653958944281	0.01906158357771261	0.093841642228739	0.007331378299120235
0.13496932515337423	0.21779141104294478	0.4171779141104294	0.23006134969325154

MOTIF filter13
letter-probability matrix: alength= 4 w= 16 
0.30378578024007385	0.010156971375807941	0.4644506001846722	0.22160664819944598
0.9907663896583564	0.0	0.0050784856879039705	0.004155124653739612
0.0	1.0	0.0	0.0
0.0	0.0	0.0004616805170821791	0.9995383194829178
0.649584487534626	0.0018467220683287165	0.31163434903047094	0.03693444136657433
0.3365650969529086	0.12326869806094183	0.3204062788550323	0.21975992613111728
0.65466297322253	0.10110803324099724	0.19852262234533702	0.045706371191135735
0.5378578024007387	0.040627885503231764	0.1772853185595568	0.24422899353647276
0.5581717451523546	0.1657433056325023	0.1860572483841182	0.09002770083102493
0.3559556786703601	0.1722068328716528	0.3624192059095106	0.10941828254847645
0.26223453370267774	0.12557710064635272	0.43351800554016623	0.1786703601108033
0.37116279069767444	0.3172093023255814	0.2427906976744186	0.06883720930232558
0.18028958430639888	0.38439981317141525	0.21298458664175618	0.22232601588042972
0.11227402473834443	0.33539486203615604	0.1279733587059943	0.42435775451950525
0.2318840579710145	0.17391304347826086	0.19903381642512077	0.39516908212560387
0.28093306288032455	0.2778904665314402	0.24188640973630832	0.19929006085192696

MOTIF filter14
letter-probability matrix: alength= 4 w= 16 
0.12317073170731707	0.0	0.8280487804878048	0.04878048780487805
0.09622411693057248	0.23629719853836784	0.43118148599269185	0.23629719853836784
0.23142509135200975	0.04141291108404385	0.5761266747868453	0.1510353227771011
0.06577344701583435	0.03288672350791717	0.1900121802679659	0.7113276492082826
0.24725943970767356	0.010962241169305725	0.25334957369062117	0.4884287454323995
0.14372716199756394	0.04506699147381242	0.14494518879415347	0.6662606577344702
0.24482338611449453	0.1120584652862363	0.5517661388550548	0.09135200974421437
0.2618757612667479	0.09500609013398295	0.26552984165651644	0.37758830694275275
0.001218026796589525	0.607795371498173	0.13885505481120586	0.25213154689403167
0.3982947624847747	0.0535931790499391	0.5152253349573691	0.03288672350791717
0.32886723507917176	0.11693057247259439	0.1364190012180268	0.4177831912302071
0.7088915956151035	0.0	0.13032886723507917	0.1607795371498173
0.0048721071863581	0.0	0.45066991473812423	0.5444579780755177
0.7259439707673568	0.0	0.1705237515225335	0.10353227771010962
0.0036540803897685747	0.0048721071863581	0.9524969549330086	0.0389768574908648
0.32222222222222224	0.007407407407407408	0.6283950617283951	0.04197530864197531

MOTIF filter15
letter-probability matrix: alength= 4 w= 16 
0.48657187993680884	0.04265402843601896	0.2938388625592417	0.1769352290679305
0.18731117824773413	0.3157099697885196	0.04833836858006042	0.4486404833836858
0.283987915407855	0.20241691842900303	0.4425981873111782	0.07099697885196375
0.43202416918429004	0.48489425981873113	0.013595166163141994	0.06948640483383686
0.41842900302114805	0.06948640483383686	0.01661631419939577	0.4954682779456193
0.05891238670694864	0.7054380664652568	0.19486404833836857	0.04078549848942598
0.004531722054380665	0.947129909365559	0.004531722054380665	0.04380664652567976
0.243202416918429	0.6178247734138973	0.08610271903323263	0.052870090634441085
0.07099697885196375	0.30362537764350456	0.061933534743202415	0.5634441087613293
0.11178247734138973	0.16767371601208458	0.18731117824773413	0.5332326283987915
0.022658610271903322	0.6555891238670695	0.28700906344410876	0.03474320241691843
0.012084592145015106	0.9274924471299094	0.03625377643504532	0.02416918429003021
0.5800604229607251	0.2039274924471299	0.1148036253776435	0.10120845921450151
0.04984894259818731	0.552870090634441	0.07854984894259819	0.3187311178247734
0.14069591527987896	0.0529500756429652	0.7579425113464447	0.048411497730711045
0.04503105590062112	0.35403726708074534	0.009316770186335404	0.5916149068322981

MOTIF filter16
letter-probability matrix: alength= 4 w= 16 
0.27483443708609273	0.22185430463576158	0.17052980132450332	0.33278145695364236
0.24546952224052718	0.24546952224052718	0.016474464579901153	0.4925864909390445
0.15625	0.4654605263157895	0.07894736842105263	0.2993421052631579
0.15953947368421054	0.22532894736842105	0.07236842105263158	0.5427631578947368
0.12335526315789473	0.37335526315789475	0.029605263157894735	0.47368421052631576
0.14638157894736842	0.10197368421052631	0.07730263157894737	0.6743421052631579
0.15625	0.5213815789473685	0.02631578947368421	0.29605263157894735
0.12828947368421054	0.17269736842105263	0.004934210526315789	0.694078947368421
0.12335526315789473	0.10361842105263158	0.0	0.7730263157894737
0.07894736842105263	0.003289473684210526	0.009868421052631578	0.9078947368421053
0.0	0.9835526315789473	0.0	0.01644736842105263
0.004934210526315789	0.0	0.003289473684210526	0.9917763157894737
0.43914473684210525	0.28618421052631576	0.02631578947368421	0.24835526315789475
0.47429519071310117	0.01658374792703151	0.14262023217247097	0.36650082918739635
0.5008403361344538	0.1899159663865546	0.27563025210084036	0.03361344537815126
0.3710247349823322	0.2332155477031802	0.26148409893992935	0.13427561837455831

MOTIF filter17
letter-probability matrix: alength= 4 w= 16 
0.81829814459373	0.04990403071017274	0.07165706973768395	0.060140754958413305
0.029262086513994912	0.6895674300254453	0.14567430025445294	0.13549618320610687
0.21473158551810237	0.28277153558052437	0.33957553058676654	0.16292134831460675
0.5187265917602997	0.06429463171036205	0.27652933832709115	0.1404494382022472
0.5012484394506866	0.15106117353308365	0.004993757802746567	0.34269662921348315
0.15480649188514356	0.3021223470661673	0.08926342072409488	0.45380774032459426
0.1585518102372035	0.5043695380774033	0.009363295880149813	0.32771535580524347
0.18601747815230962	0.08801498127340825	0.018102372034956304	0.7078651685393258
0.2153558052434457	0.08614232209737828	0.5418227215980025	0.15667915106117353
0.30774032459425715	0.004369538077403246	0.3776529338327091	0.31023720349563044
0.3364544319600499	0.060549313358302125	0.43570536828963796	0.16729088639200998
0.0	0.10486891385767791	0.8857677902621723	0.009363295880149813
0.0	0.40074906367041196	0.5980024968789014	0.0012484394506866417
0.006246096189881324	0.7545284197376639	0.231105559025609	0.008119925046845722
0.1568253968253968	0.6780952380952381	0.030476190476190476	0.1346031746031746
0.1601588352084712	0.12309728656518862	0.49702183984116477	0.21972203838517537

MOTIF filter18
letter-probability matrix: alength= 4 w= 16 
0.351493848857645	0.3028705330990041	0.11130638547158758	0.23432923257176333
0.6879271070615034	0.07517084282460136	0.17027334851936218	0.06662870159453303
0.09593679458239278	0.2082392776523702	0.09706546275395034	0.5987584650112867
0.31207674943566593	0.3871331828442438	0.12641083521444696	0.17437923250564333
0.4811054709531867	0.3637901861252115	0.09870276367738297	0.05640157924421884
0.077834179357022	0.8324873096446701	0.044557247602932885	0.04512126339537507
0.3305227655986509	0.23721191680719506	0.3412029229904441	0.09106239460370995
0.09106239460370995	0.10399100618324901	0.59584035975267	0.209106239460371
0.025295109612141653	0.008993816750983699	0.6250702641933671	0.3406408094435076
0.01461495222034851	0.5964024732996065	0.3698707138842046	0.01911186059584036
0.029792017987633503	0.7774030354131535	0.028105677346824058	0.16469926925238898
0.1697582911748173	0.7549184935356942	0.03485103991006183	0.04047217537942664
0.16469926925238898	0.02417088251826869	0.0713884204609331	0.7397414277684092
0.019762845849802372	0.19988706945228685	0.41106719367588934	0.36928289102202144
0.1887115165336374	0.04218928164196123	0.4789053591790194	0.290193842645382
0.06286721504112809	0.09283196239717979	0.15158636897767333	0.6927144535840188

MOTIF filter19
letter-probability matrix: alength= 4 w= 16 
0.31994459833795014	0.038088642659279776	0.5152354570637119	0.12673130193905818
0.26925698704839807	0.05589638718473074	0.5194274028629857	0.1554192229038855
0.6211928934010152	0.13324873096446702	0.22081218274111675	0.024746192893401017
0.14521242866201647	0.4889029803424223	0.3538363982244769	0.012048192771084338
0.40963855421686746	0.39822447685478757	0.19086873811033608	0.0012682308180088776
0.8998097653772986	0.01585288522511097	0.04185161699429296	0.0424857324032974
0.3024730500951173	0.2435003170577045	0.09892200380469246	0.35510462904248574
0.4020291693088142	0.22511097019657578	0.3284717818642993	0.04438807863031072
0.8173747622067217	0.023462270133164237	0.1357006975269499	0.023462270133164237
0.008877615726062143	0.6867469879518072	0.05833861762840837	0.24603677869372226
0.777425491439442	0.12618896639188332	0.09511731135066583	0.0012682308180088776
0.7374762206721623	0.08370323398858592	0.0963855421686747	0.08243500317057705
0.4134432466708941	0.05136334812935954	0.2993024730500951	0.23589093214965123
0.6647509578544061	0.0038314176245210726	0.272669220945083	0.05874840357598978
0.17041800643086816	0.07266881028938907	0.34662379421221867	0.4102893890675241
0.7590282337491793	0.05581089954038083	0.15758371634931057	0.02757715036112935

MOTIF filter20
letter-probability matrix: alength= 4 w= 16 
0.2617757398916215	0.19424760316798667	0.25468945393914133	0.28928720300125055
0.3302117263843648	0.26465798045602607	0.17019543973941367	0.23493485342019543
0.3174920127795527	0.28674121405750796	0.1597444089456869	0.2360223642172524
0.16957903097696583	0.2855440826052423	0.12311358220810167	0.4217633042096902
0.3744545815152717	0.3831812772709242	0.0872669575565252	0.15509718365727887
0.6303054343514478	0.13526378421261404	0.017850059500198336	0.2165807219357398
0.8088060293534312	0.0015866719555731853	0.15628718762395874	0.03332011106703689
0.0	1.0	0.0	0.0
0.0	0.0	0.0	1.0
0.9095596985323284	0.0	0.0031733439111463705	0.0872669575565252
0.4057913526378421	0.006743355811186037	0.2506941689805633	0.3367711225704086
0.38999205718824465	0.07545671167593328	0.44440031771247024	0.09015091342335187
0.21019108280254778	0.23885350318471338	0.22531847133757962	0.32563694267515925
0.11465482438433588	0.18570851836899474	0.22325393621316109	0.47638272103350826
0.2862392813393222	0.2919559003674969	0.1453654552878726	0.2764393630053083
0.3420608108108108	0.16638513513513514	0.07390202702702703	0.41765202702702703

MOTIF filter21
letter-probability matrix: alength= 4 w= 16 
0.4509283819628647	0.24491600353669318	0.11052166224580018	0.19363395225464192
0.17771883289124668	0.3704686118479222	0.06984969053934571	0.3819628647214854
0.08914386584289496	0.5551632833186231	0.04236540158870256	0.31332744924977934
0.158311345646438	0.27792436235708	0.09850483729111698	0.465259454705365
0.2805628847845207	0.2647317502198769	0.10642040457343888	0.3482849604221636
0.4529463500439754	0.22075637642919965	0.047493403693931395	0.27880386983289357
0.4239226033421284	0.12401055408970976	0.051011433597185574	0.40105540897097625
0.2022867194371152	0.25769569041336854	0.0043975373790677225	0.5356200527704486
0.018469656992084433	0.03342128408091469	0.0	0.9481090589270009
0.0	0.001759014951627089	0.0	0.9982409850483729
0.0	0.002638522427440633	0.0	0.9973614775725593
0.01232394366197183	0.6786971830985915	0.0	0.3089788732394366
0.17809439002671415	0.23241317898486197	0.38646482635796975	0.20302760463045413
0.13243243243243244	0.2594594594594595	0.5567567567567567	0.051351351351351354
0.020795660036166366	0.523508137432188	0.22332730560578662	0.23236889692585896
0.06179775280898876	0.4147940074906367	0.15636704119850187	0.36704119850187267

MOTIF filter22
letter-probability matrix: alength= 4 w= 16 
0.6485580147551978	0.01609657947686117	0.335345405767941	0.0
0.20669291338582677	0.013123359580052493	0.7276902887139107	0.05249343832020997
0.0	0.0	0.9960629921259843	0.003937007874015748
0.01837270341207349	0.0	0.9816272965879265	0.0
0.028871391076115485	0.07217847769028872	0.7683727034120735	0.13057742782152232
0.1994750656167979	0.0	0.800524934383202	0.0
0.15223097112860892	0.2053805774278215	0.4566929133858268	0.18569553805774278
0.3530183727034121	0.05249343832020997	0.5649606299212598	0.02952755905511811
0.05774278215223097	0.4251968503937008	0.37139107611548555	0.14566929133858267
0.37598425196850394	0.15748031496062992	0.46194225721784776	0.004593175853018373
0.18766404199475065	0.4494750656167979	0.11220472440944881	0.25065616797900264
0.2600926538716082	0.20913302448709464	0.46062210456651226	0.07015221707478492
0.1524513096037609	0.1826729348556078	0.30423102753525855	0.36064472800537273
0.23129251700680273	0.08843537414965986	0.5428571428571428	0.13741496598639455
0.39848589125946315	0.16930488644184447	0.3165863730213352	0.11562284927735719
0.21788502484031227	0.4414478353442158	0.22214336408800567	0.1185237757274663

MOTIF filter23
letter-probability matrix: alength= 4 w= 16 
0.16893203883495145	0.19223300970873786	0.6038834951456311	0.03495145631067961
0.7580893682588598	0.007704160246533128	0.20184899845916796	0.032357473035439135
0.15538461538461537	0.004615384615384616	0.5015384615384615	0.3384615384615385
0.8265460030165912	0.012066365007541479	0.1191553544494721	0.042232277526395176
0.3891402714932127	0.01809954751131222	0.5384615384615384	0.05429864253393665
0.5173453996983409	0.10708898944193061	0.3680241327300151	0.007541478129713424
0.22926093514328807	0.5158371040723982	0.04072398190045249	0.21417797888386123
0.15233785822021115	0.6892911010558069	0.15384615384615385	0.004524886877828055
0.1885369532428356	0.5761689291101055	0.23076923076923078	0.004524886877828055
0.030165912518853696	0.8914027149321267	0.06184012066365008	0.016591251885369532
0.1191553544494721	0.8461538461538461	0.016591251885369532	0.01809954751131222
0.2790346907993967	0.5082956259426847	0.07088989441930618	0.14177978883861236
0.1975867269984917	0.6229260935143288	0.06787330316742081	0.11161387631975868
0.49244712990936557	0.35347432024169184	0.021148036253776436	0.13293051359516617
0.007587253414264037	0.8103186646433991	0.05007587253414264	0.13201820940819423
0.44031007751937984	0.25736434108527134	0.29767441860465116	0.004651162790697674

MOTIF filter24
letter-probability matrix: alength= 4 w= 16 
0.004201680672268907	0.6491596638655462	0.052521008403361345	0.29411764705882354
0.018907563025210083	0.7226890756302521	0.19747899159663865	0.06092436974789916
0.1589958158995816	0.3682008368200837	0.16736401673640167	0.3054393305439331
0.38958333333333334	0.27708333333333335	0.0875	0.24583333333333332
0.19166666666666668	0.2	0.38958333333333334	0.21875
0.16458333333333333	0.14791666666666667	0.6333333333333333	0.05416666666666667
0.004166666666666667	0.8229166666666666	0.010416666666666666	0.1625
0.0020833333333333333	0.7395833333333334	0.225	0.03333333333333333
0.010416666666666666	0.8145833333333333	0.075	0.1
0.016666666666666666	0.7395833333333334	0.0375	0.20625
0.029166666666666667	0.66875	0.06041666666666667	0.24166666666666667
0.21458333333333332	0.3375	0.020833333333333332	0.4270833333333333
0.11666666666666667	0.6666666666666666	0.035416666666666666	0.18125
0.8204592901878914	0.05845511482254697	0.016701461377870562	0.10438413361169102
0.02109704641350211	0.70042194092827	0.023206751054852322	0.2552742616033755
0.6397379912663755	0.2314410480349345	0.05240174672489083	0.07641921397379912

MOTIF filter25
letter-probability matrix: alength= 4 w= 16 
0.11919953596287702	0.23868909512761022	0.548723897911833	0.09338747099767981
0.07528735632183908	0.2206896551724138	0.478735632183908	0.22528735632183908
0.03032904148783977	0.23032904148783978	0.45550786838340485	0.2838340486409156
0.12464265294453973	0.2978845054316752	0.46540880503144655	0.11206403659233848
0.2177511415525114	0.3190639269406393	0.4092465753424658	0.05393835616438356
0.017123287671232876	0.3838470319634703	0.1963470319634703	0.4026826484018265
0.4546742209631728	0.15694050991501415	0.3671388101983003	0.021246458923512748
0.07903682719546742	0.026062322946175637	0.7138810198300283	0.1810198300283286
0.373371104815864	0.09546742209631728	0.21473087818696884	0.31643059490084985
0.019263456090651557	0.2756373937677054	0.23257790368271955	0.4725212464589235
0.5991501416430595	0.0050991501416430595	0.375070821529745	0.020679886685552408
0.09121813031161473	0.15240793201133143	0.08158640226628895	0.6747875354107649
0.9963172804532577	0.00141643059490085	0.0022662889518413596	0.0
0.016770892552586698	0.13530415008527572	0.20125071063104036	0.6466742467310972
0.274964234620887	0.3084406294706724	0.05178826895565093	0.3648068669527897
0.3191676436107855	0.5729777256740914	0.10023446658851114	0.0076201641266119575

MOTIF filter26
letter-probability matrix: alength= 4 w= 16 
0.5948919449901768	0.07858546168958742	0.06758349705304519	0.2589390962671906
0.12606341840680588	0.28267594740912605	0.03750966744006187	0.5537509667440061
0.3788332086761406	0.28160059835452506	0.1443530291697831	0.19521316379955123
0.2996682639144858	0.11500184297825286	0.2948765204570586	0.2904533726502027
0.06081828234426834	0.4909694065610026	0.4360486546258754	0.012163656468853668
0.27939550313306305	0.2900847769996314	0.058975304091411725	0.37154441577589387
0.597493549576115	0.13085145595281975	0.13969775156653153	0.13195724290453373
0.20383339476594176	0.44157758938444525	0.12126796903796536	0.23332104681164761
0.2716549944710652	0.2863988204939182	0.2359012163656469	0.2060449686693697
0.15739034279395503	0.23516402506450423	0.0807224474751198	0.526723184666421
0.15481017323995577	0.11389605602653889	0.3155178768890527	0.4157758938444526
0.09436048654625875	0.2425359380759307	0.5558422410615554	0.10726133431625506
0.0011057869517139699	0.0011057869517139699	0.997788426096572	0.0
0.0022115739034279398	0.9974198304460007	0.00036859565057132326	0.0
0.015914137675795706	0.07327905255366396	0.0	0.9108068097705403
0.26497695852534564	0.1586021505376344	0.261136712749616	0.315284178187404

MOTIF filter27
letter-probability matrix: alength= 4 w= 16 
0.610655737704918	0.01639344262295082	0.0471311475409836	0.32581967213114754
0.5378323108384458	0.0	0.1411042944785276	0.3210633946830266
0.9100204498977505	0.0	0.018404907975460124	0.07157464212678936
0.5337423312883436	0.0	0.06952965235173825	0.3967280163599182
0.05521472392638037	0.0	0.002044989775051125	0.9427402862985685
0.026584867075664622	0.0	0.0	0.9734151329243353
0.12474437627811862	0.0	0.014314928425357873	0.8609406952965235
0.24948875255623723	0.0	0.49693251533742333	0.25357873210633947
0.12883435582822086	0.006134969325153374	0.6993865030674846	0.1656441717791411
0.25766871165644173	0.04294478527607362	0.6012269938650306	0.09815950920245399
0.5030674846625767	0.18200408997955012	0.06748466257668712	0.2474437627811861
0.5398773006134969	0.17791411042944785	0.16973415132924335	0.11247443762781185
0.17995910020449898	0.2740286298568507	0.19222903885480572	0.3537832310838446
0.15368852459016394	0.13524590163934427	0.4385245901639344	0.2725409836065574
0.11934156378600823	0.14609053497942387	0.4506172839506173	0.2839506172839506
0.32908704883227174	0.10615711252653928	0.40764331210191085	0.15711252653927812

MOTIF filter28
letter-probability matrix: alength= 4 w= 16 
0.014573991031390135	0.1804932735426009	0.5840807174887892	0.22085201793721973
0.002242152466367713	0.1367713004484305	0.5	0.3609865470852018
0.010089686098654708	0.554932735426009	0.37331838565022424	0.061659192825112105
0.04147982062780269	0.6636771300448431	0.20515695067264575	0.08968609865470852
0.007847533632286996	0.2757847533632287	0.6502242152466368	0.06614349775784753
0.1367713004484305	0.4899103139013453	0.16928251121076232	0.2040358744394619
0.1547085201793722	0.4876681614349776	0.14349775784753363	0.2141255605381166
0.017937219730941704	0.08744394618834081	0.718609865470852	0.17600896860986548
0.010089686098654708	0.2858744394618834	0.3991031390134529	0.30493273542600896
0.10201793721973094	0.2533632286995516	0.05044843049327354	0.594170403587444
0.09753363228699552	0.5661434977578476	0.01905829596412556	0.3172645739910314
0.9237668161434978	0.0257847533632287	0.0033632286995515697	0.04708520179372197
0.2006726457399103	0.39798206278026904	0.013452914798206279	0.38789237668161436
0.9674157303370786	0.0033707865168539327	0.0	0.029213483146067417
0.22963800904977374	0.18778280542986425	0.5407239819004525	0.0418552036199095
0.168997668997669	0.10139860139860139	0.3508158508158508	0.3787878787878788

MOTIF filter29
letter-probability matrix: alength= 4 w= 16 
0.46033810143042914	0.3511053315994798	0.17945383615084526	0.009102730819245773
0.3047508690614137	0.23638470451911936	0.4461181923522596	0.012746234067207415
0.2616609783845279	0.149032992036405	0.5779294653014789	0.011376564277588168
0.7359550561797753	0.060674157303370786	0.1752808988764045	0.028089887640449437
0.4221724524076148	0.005599104143337066	0.24860022396416573	0.3236282194848824
0.3146696528555431	0.26651735722284436	0.3258678611422172	0.0929451287793953
0.2877939529675252	0.5162374020156775	0.17245240761478164	0.023516237402015677
0.40201567749160133	0.5151175811870101	0.011198208286674132	0.07166853303471445
0.38633818589025753	0.4658454647256439	0.06159014557670773	0.08622620380739082
0.2564389697648376	0.6472564389697648	0.08958566629339305	0.006718924972004479
0.0	0.986562150055991	0.0	0.013437849944008958
0.9048152295632699	0.08846584546472565	0.006718924972004479	0.0
0.1780515117581187	0.21388577827547592	0.0011198208286674132	0.606942889137738
0.027995520716685332	0.7513997760358343	0.17245240761478164	0.048152295632698766
0.3348314606741573	0.17640449438202246	0.48651685393258426	0.0022471910112359553
0.5005767012687428	0.07727797001153403	0.405997693194925	0.016147635524798153

MOTIF filter30
letter-probability matrix: alength= 4 w= 16 
0.42691415313225056	0.15081206496519722	0.20417633410672853	0.21809744779582366
0.12814645308924486	0.009153318077803204	0.7505720823798627	0.11212814645308924
0.8466819221967964	0.011441647597254004	0.13272311212814644	0.009153318077803204
0.5331807780320366	0.35697940503432496	0.002288329519450801	0.10755148741418764
0.05034324942791762	0.20823798627002288	0.002288329519450801	0.7391304347826086
0.06178489702517163	0.059496567505720827	0.004576659038901602	0.8741418764302059
0.28832951945080093	0.013729977116704805	0.0	0.6979405034324943
0.11212814645308924	0.018306636155606407	0.0	0.8695652173913043
0.059496567505720827	0.11899313501144165	0.002288329519450801	0.8192219679633868
0.06636155606407322	0.12356979405034325	0.002288329519450801	0.8077803203661327
0.2585812356979405	0.14187643020594964	0.05263157894736842	0.5469107551487414
0.34345794392523366	0.16355140186915887	0.26635514018691586	0.2266355140186916
0.5	0.14858490566037735	0.18160377358490565	0.16981132075471697
0.06175771971496437	0.2209026128266033	0.47268408551068886	0.24465558194774348
0.0889423076923077	0.4879807692307692	0.15384615384615385	0.2692307692307692
0.05172413793103448	0.18719211822660098	0.05172413793103448	0.7093596059113301

MOTIF filter31
letter-probability matrix: alength= 4 w= 16 
0.08806584362139917	0.31563786008230454	0.030452674897119343	0.565843621399177
0.37983539094650204	0.20534979423868313	0.097119341563786	0.3176954732510288
0.510361641609102	0.21292157659488012	0.01909792767167818	0.2576188541243397
0.0963023161316538	0.36733035351483134	0.14953271028037382	0.386834620073141
0.13571718813490452	0.3136936204794799	0.1365298659081674	0.41405932547744817
0.12799674928890695	0.2945956928078017	0.04550995530272247	0.5318976026005688
0.38317757009345793	0.10727346607070297	0.037383177570093455	0.4721657862657456
0.6802112962210484	0.18366517675741567	0.016253555465258026	0.11986997155627793
0.707842340511987	0.08289313287281593	0.07598537180008126	0.13327915481511582
