MEME version 4

ALPHABET= ACGU

strands: + -

Background letter frequencies
A 0.25 C 0.25 G 0.25 U 0.25

MOTIF filter0
letter-probability matrix: alength= 4 w= 16 
0.3104247104247104	0.0015444015444015444	0.6532818532818533	0.03474903474903475
0.010810810810810811	0.505019305019305	0.4694980694980695	0.014671814671814672
0.0015444015444015444	0.0	0.9691119691119691	0.029343629343629343
0.006177606177606178	0.2810810810810811	0.6895752895752896	0.023166023166023165
0.015444015444015444	0.03397683397683398	0.5359073359073359	0.4146718146718147
0.3281853281853282	0.2416988416988417	0.21003861003861005	0.22007722007722008
0.033204633204633204	0.3204633204633205	0.5467181467181467	0.09961389961389962
0.10965250965250965	0.338996138996139	0.18455598455598454	0.3667953667953668
0.01698841698841699	0.8077220077220078	0.016216216216216217	0.15907335907335907
0.47644787644787645	0.20926640926640927	0.2501930501930502	0.06409266409266409
0.23706563706563707	0.31351351351351353	0.10965250965250965	0.33976833976833976
0.08648648648648649	0.6586872586872586	0.023938223938223938	0.2308880308880309
0.7449768160741885	0.04868624420401855	0.14219474497681608	0.06414219474497682
0.2673421667965705	0.024162120031176928	0.5619641465315667	0.1465315666406859
0.1614956245027844	0.13922036595067622	0.4590294351630867	0.24025457438345266
0.28153717627401836	0.0835421888053467	0.5630743525480367	0.07184628237259816

MOTIF filter1
letter-probability matrix: alength= 4 w= 16 
0.2963056044232219	0.24377984418195525	0.12264388037195276	0.33727067102287006
0.6837349397590361	0.1290160642570281	0.16516064257028112	0.02208835341365462
0.24799398194583752	0.28084252758274825	0.015546639919759278	0.45561685055165496
0.05015045135406219	0.011283851554663993	0.1559679037111334	0.7825977933801405
0.16800401203610832	0.7279338014042126	0.0050150451354062184	0.09904714142427282
0.12988966900702106	0.15245737211634905	0.14568706118355065	0.5719658976930793
0.20712136409227683	0.2600300902708124	0.3350050150451354	0.1978435305917753
0.6070712136409228	0.03560682046138415	0.1145937813440321	0.242728184553661
0.3039117352056169	0.06820461384152457	0.24222668004012035	0.3856569709127382
0.44332998996990974	0.10631895687061184	0.07046138415245737	0.37988966900702104
0.03686058174523571	0.19257773319959878	0.10255767301905717	0.6680040120361084
0.4769307923771314	0.06143430290872618	0.2971414242728185	0.16449348044132397
0.2902659307576518	0.2950326141495233	0.25865529352734573	0.15604616156547918
0.02409033877038896	0.5623588456712673	0.07553324968632372	0.3380175658720201
0.17370537958773252	0.334841628959276	0.10306686777275012	0.38838612368024134
0.025095057034220533	0.9662864385297846	0.0045627376425855515	0.004055766793409379

MOTIF filter2
letter-probability matrix: alength= 4 w= 16 
0.6570327552986512	0.2861271676300578	0.031791907514450865	0.025048169556840076
0.5409047160731473	0.05004812319538017	0.03946102021174206	0.3695861405197305
0.4494706448508181	0.5004812319538018	0.008662175168431183	0.04138594802694899
0.17228103946102022	0.011549566891241578	0.007699711260827719	0.8084696823869105
0.6843118383060636	0.011549566891241578	0.24254090471607315	0.061597690086621755
0.03946102021174206	0.865255052935515	0.059672762271414825	0.0356111645813282
0.6284889316650626	0.13089509143407121	0.12704523580365737	0.11357074109720885
0.4359961501443696	0.14918190567853706	0.38787295476419636	0.026948989412897015
0.2531280076997113	0.10202117420596728	0.04427333974975938	0.6005774783445621
0.14918190567853706	0.2858517805582291	0.22136669874879691	0.343599615014437
0.21847930702598653	0.6650625601539942	0.015399422521655439	0.10105871029836382
0.02406159769008662	0.3128007699711261	0.40230991337824834	0.26082771896053897
0.02791145332050048	0.04523580365736285	0.15976900866217517	0.7670837343599615
0.31756756756756754	0.5752895752895753	0.08687258687258688	0.02027027027027027
0.064453125	0.501953125	0.0380859375	0.3955078125
0.16395112016293278	0.28716904276985744	0.18839103869653767	0.3604887983706721

MOTIF filter3
letter-probability matrix: alength= 4 w= 16 
0.18152866242038215	0.5573248407643312	0.08280254777070063	0.17834394904458598
0.08125	0.725	0.096875	0.096875
0.009375	0.390625	0.56875	0.03125
0.0	0.378125	0.590625	0.03125
0.003125	0.828125	0.096875	0.071875
0.009375	0.88125	0.021875	0.0875
0.096875	0.7125	0.053125	0.1375
0.0375	0.58125	0.121875	0.259375
0.13125	0.6375	0.065625	0.165625
0.040625	0.5875	0.109375	0.2625
0.0625	0.165625	0.00625	0.765625
0.115625	0.784375	0.003125	0.096875
0.428125	0.009375	0.215625	0.346875
0.056782334384858045	0.8517350157728707	0.04416403785488959	0.0473186119873817
0.597444089456869	0.04792332268370607	0.07028753993610223	0.28434504792332266
0.050335570469798654	0.4261744966442953	0.22818791946308725	0.2953020134228188

MOTIF filter4
letter-probability matrix: alength= 4 w= 16 
0.6733812949640288	0.11798561151079137	0.13956834532374102	0.06906474820143885
0.7309352517985611	0.09352517985611511	0.015827338129496403	0.15971223021582734
0.12086330935251799	0.860431654676259	0.004316546762589928	0.014388489208633094
0.017266187050359712	0.9827338129496402	0.0	0.0
0.014388489208633094	0.7755395683453238	0.010071942446043165	0.2
0.11366906474820145	0.11942446043165468	0.38705035971223023	0.37985611510791367
0.4618705035971223	0.014388489208633094	0.23453237410071942	0.2892086330935252
0.6115107913669064	0.18129496402877698	0.11654676258992806	0.09064748201438849
0.19568345323741007	0.28633093525179854	0.37985611510791367	0.1381294964028777
0.479136690647482	0.06906474820143885	0.11942446043165468	0.33237410071942447
0.3597122302158273	0.0	0.14820143884892087	0.4920863309352518
0.46906474820143884	0.0	0.20287769784172663	0.32805755395683456
0.10662824207492795	0.19020172910662825	0.39337175792507206	0.30979827089337175
0.031791907514450865	0.6604046242774566	0.2153179190751445	0.09248554913294797
0.05224963715529753	0.8229317851959361	0.0783744557329463	0.04644412191582003
0.10153846153846154	0.5861538461538461	0.08923076923076922	0.2230769230769231

MOTIF filter5
letter-probability matrix: alength= 4 w= 16 
0.1362088535754824	0.00681044267877412	0.05788876276958002	0.7990919409761634
0.06900452488687783	0.11199095022624435	0.17194570135746606	0.6470588235294118
0.013574660633484163	0.042986425339366516	0.5486425339366516	0.3947963800904977
0.057692307692307696	0.4457013574660634	0.21945701357466063	0.27714932126696834
0.04638009049773756	0.13914027149321267	0.7850678733031674	0.029411764705882353
0.31221719457013575	0.1346153846153846	0.5350678733031674	0.01809954751131222
0.04072398190045249	0.4649321266968326	0.00904977375565611	0.4852941176470588
0.14479638009049775	0.2658371040723982	0.05090497737556561	0.5384615384615384
0.24434389140271492	0.0916289592760181	0.06221719457013575	0.6018099547511312
0.0667420814479638	0.5757918552036199	0.07126696832579185	0.2861990950226244
0.032805429864253395	0.252262443438914	0.2239819004524887	0.49095022624434387
0.23755656108597284	0.27601809954751133	0.3257918552036199	0.16063348416289594
0.918552036199095	0.01583710407239819	0.058823529411764705	0.006787330316742082
0.011312217194570135	0.4298642533936652	0.03959276018099547	0.5192307692307693
0.43473325766174803	0.004540295119182747	0.5266742338251986	0.0340522133938706
0.004597701149425287	0.47011494252873565	0.31724137931034485	0.20804597701149424

MOTIF filter6
letter-probability matrix: alength= 4 w= 16 
0.12033195020746888	0.02074688796680498	0.8492392807745505	0.009681881051175657
0.10220994475138122	0.2058011049723757	0.494475138121547	0.19751381215469613
0.1464088397790055	0.08839779005524862	0.23204419889502761	0.5331491712707183
0.13950276243093923	0.3052486187845304	0.26657458563535913	0.2886740331491713
0.04281767955801105	0.04834254143646409	0.19475138121546962	0.7140883977900553
0.9702702702702702	0.010810810810810811	0.013513513513513514	0.005405405405405406
0.05675675675675676	0.11081081081081082	0.7175675675675676	0.11486486486486487
0.4918918918918919	0.02027027027027027	0.02702702702702703	0.4608108108108108
0.12972972972972974	0.5391891891891892	0.2	0.13108108108108107
0.14324324324324325	0.021621621621621623	0.060810810810810814	0.7743243243243243
0.6743243243243243	0.15	0.12837837837837837	0.0472972972972973
0.04864864864864865	0.25135135135135134	0.44594594594594594	0.25405405405405407
0.4135135135135135	0.032432432432432434	0.05405405405405406	0.5
0.12737127371273713	0.25609756097560976	0.573170731707317	0.04336043360433604
0.036684782608695655	0.017663043478260868	0.8831521739130435	0.0625
0.1483050847457627	0.04096045197740113	0.5692090395480226	0.24152542372881355

MOTIF filter7
letter-probability matrix: alength= 4 w= 16 
0.40525587828492393	0.21853388658367912	0.10650069156293222	0.2697095435684647
0.5627586206896552	0.023448275862068966	0.07862068965517241	0.3351724137931035
0.22758620689655173	0.3903448275862069	0.02620689655172414	0.35586206896551725
0.22620689655172413	0.5613793103448276	0.10344827586206896	0.10896551724137932
0.39118457300275483	0.2796143250688705	0.004132231404958678	0.325068870523416
0.45867768595041325	0.12947658402203857	0.1446280991735537	0.26721763085399447
0.5358126721763086	0.2231404958677686	0.008264462809917356	0.2327823691460055
0.2892561983471074	0.37327823691460055	0.03581267217630854	0.30165289256198347
0.26721763085399447	0.41046831955922863	0.015151515151515152	0.3071625344352617
0.453168044077135	0.012396694214876033	0.009641873278236915	0.5247933884297521
0.5840220385674931	0.0013774104683195593	0.0	0.41460055096418735
0.01652892561983471	0.6831955922865014	0.0	0.3002754820936639
0.0	1.0	0.0	0.0
0.0	0.990358126721763	0.0	0.009641873278236915
0.42105263157894735	0.013850415512465374	0.03185595567867036	0.5332409972299169
0.39098837209302323	0.1555232558139535	0.16569767441860464	0.2877906976744186

MOTIF filter8
letter-probability matrix: alength= 4 w= 16 
0.05789473684210526	0.6719298245614035	0.02280701754385965	0.24736842105263157
0.2929824561403509	0.3736842105263158	0.17894736842105263	0.1543859649122807
0.017543859649122806	0.8263157894736842	0.04035087719298246	0.11578947368421053
0.17513134851138354	0.19614711033274956	0.04903677758318739	0.5796847635726795
0.0595446584938704	0.6444833625218914	0.29071803852889666	0.005253940455341506
0.46234676007005254	0.18388791593695272	0.24518388791593695	0.1085814360770578
0.12784588441331	0.02276707530647986	0.8213660245183888	0.028021015761821366
0.7005253940455342	0.02626970227670753	0.16637478108581435	0.10683012259194395
0.38704028021015763	0.03502626970227671	0.08581436077057793	0.4921190893169877
0.0595446584938704	0.0	0.043782837127845885	0.8966725043782837
0.30998248686514884	0.09457092819614711	0.22066549912434325	0.37478108581436076
0.5481611208406305	0.12259194395796848	0.10507880910683012	0.22416812609457093
0.27495621716287216	0.6357267950963222	0.040280210157618214	0.04903677758318739
0.11403508771929824	0.868421052631579	0.008771929824561403	0.008771929824561403
0.17491166077738515	0.5512367491166078	0.030035335689045935	0.24381625441696114
0.49364791288566245	0.39201451905626133	0.056261343012704176	0.05807622504537205

MOTIF filter9
letter-probability matrix: alength= 4 w= 16 
0.5789336121275483	0.41557762676424465	0.0013068478829064297	0.004181913225300575
0.1338212232096184	0.8575535807631992	0.005227391531625719	0.003397804495556717
0.2697334030318871	0.6756403554626241	0.0018295870360690017	0.05279665446941976
0.03763721902770518	0.6129116570831156	0.25431259801359124	0.09513852587558808
0.8703606900156822	0.035807631991636175	0.004704652378463147	0.08912702561421851
0.12205959226346054	0.28149503397804493	0.15185572399372713	0.4445896497647674
0.4903293256664924	0.15656037637219028	0.10297961317302666	0.25013068478829065
0.09592263460533194	0.031625718766335596	0.1301620491374804	0.7422895974908521
0.30240460010454784	0.006534239414532148	0.47804495556717197	0.21301620491374804
0.3178254051228437	0.15656037637219028	0.2456874019864088	0.2799268165185572
0.36356508102456875	0.3269733403031887	0.20491374803972817	0.10454783063251437
0.4005786428195687	0.373224618621778	0.16622830089426618	0.05996843766438716
0.1401795142555438	0.36932418162618796	0.48706441393875394	0.0034318901795142554
0.2810738255033557	0.34604026845637587	0.19677852348993288	0.17610738255033556
0.2504785343177468	0.2392671588733935	0.3363412633305988	0.17391304347826086
0.30202683414216386	0.0659434770196974	0.1547245218384242	0.47730516699971454

MOTIF filter10
letter-probability matrix: alength= 4 w= 16 
0.07281553398058252	0.3932038834951456	0.3592233009708738	0.17475728155339806
0.06310679611650485	0.06310679611650485	0.14563106796116504	0.7281553398058253
0.48058252427184467	0.3932038834951456	0.02912621359223301	0.0970873786407767
0.7961165048543689	0.07281553398058252	0.09223300970873786	0.038834951456310676
0.05825242718446602	0.1262135922330097	0.11165048543689321	0.7038834951456311
0.44660194174757284	0.0	0.11650485436893204	0.4368932038834951
0.7475728155339806	0.11650485436893204	0.0	0.13592233009708737
0.014563106796116505	0.8398058252427184	0.09223300970873786	0.05339805825242718
0.3932038834951456	0.07281553398058252	0.38349514563106796	0.15048543689320387
0.0	0.9563106796116505	0.038834951456310676	0.0048543689320388345
0.16990291262135923	0.38349514563106796	0.12135922330097088	0.32524271844660196
0.25728155339805825	0.0048543689320388345	0.558252427184466	0.1796116504854369
0.20388349514563106	0.7378640776699029	0.024271844660194174	0.03398058252427184
0.06796116504854369	0.0	0.13592233009708737	0.7961165048543689
0.46116504854368934	0.0048543689320388345	0.4174757281553398	0.11650485436893204
0.03940886699507389	0.1330049261083744	0.8226600985221675	0.0049261083743842365

MOTIF filter11
letter-probability matrix: alength= 4 w= 16 
0.3908594815825375	0.2592087312414734	0.2257844474761255	0.12414733969986358
0.4459373000639795	0.26039667306461933	0.03838771593090211	0.255278310940499
0.4322949777495232	0.017800381436745075	0.2097902097902098	0.34011443102352196
0.5696122059758424	0.0	0.04322949777495232	0.38715829624920534
0.3204068658614113	0.17991099809281627	0.0	0.4996821360457724
0.0	1.0	0.0	0.0
0.0	0.9993642720915448	0.0	0.0006357279084551812
0.2263191354100445	0.043865225683407505	0.07247298156389065	0.6573426573426573
0.5829624920534011	0.03750794659885569	0.036872218690400506	0.34265734265734266
0.5441830896376351	0.01589319771137953	0.08900190718372536	0.35092180546726004
0.4507310870947235	0.07501589319771138	0.10998092816274635	0.3642720915448188
0.28607755880483154	0.2199618563254927	0.18626827717736807	0.3076923076923077
0.10331632653061225	0.5816326530612245	0.15880102040816327	0.15625
0.09020618556701031	0.7184278350515464	0.13079896907216496	0.06056701030927835
0.21372549019607842	0.4091503267973856	0.1287581699346405	0.24836601307189543
0.3943089430894309	0.17818428184281843	0.13143631436314362	0.296070460704607

MOTIF filter12
letter-probability matrix: alength= 4 w= 16 
0.4362934362934363	0.4671814671814672	0.021879021879021878	0.07464607464607464
0.05791505791505792	0.888030888030888	0.021879021879021878	0.032175032175032175
0.13384813384813385	0.31402831402831405	0.06563706563706563	0.4864864864864865
0.18275418275418276	0.1377091377091377	0.5855855855855856	0.09395109395109395
0.1093951093951094	0.04633204633204633	0.014157014157014158	0.8301158301158301
0.1981981981981982	0.028314028314028315	0.5842985842985843	0.1891891891891892
0.416988416988417	0.07722007722007722	0.07335907335907337	0.43243243243243246
0.17245817245817247	0.21492921492921493	0.12483912483912483	0.4877734877734878
0.24453024453024452	0.1274131274131274	0.5366795366795367	0.09137709137709138
0.5765765765765766	0.015444015444015444	0.23294723294723294	0.17503217503217502
0.17374517374517376	0.001287001287001287	0.6293436293436293	0.1956241956241956
0.3861003861003861	0.3281853281853282	0.14157014157014158	0.14414414414414414
0.11196911196911197	0.8532818532818532	0.03088803088803089	0.003861003861003861
0.0	0.9432989690721649	0.04252577319587629	0.014175257731958763
0.07662337662337662	0.1038961038961039	0.5493506493506494	0.2701298701298701
0.35254691689008044	0.04289544235924933	0.21045576407506703	0.3941018766756032

MOTIF filter13
letter-probability matrix: alength= 4 w= 16 
0.6455696202531646	0.014767932489451477	0.29957805907172996	0.04008438818565401
0.736283185840708	0.0	0.26371681415929205	0.0
0.36	0.0	0.64	0.0
0.17391304347826086	0.0	0.8260869565217391	0.0
0.10782608695652174	0.0	0.8904347826086957	0.0017391304347826088
0.38782608695652177	0.0	0.5408695652173913	0.07130434782608695
0.6069565217391304	0.0017391304347826088	0.10260869565217391	0.288695652173913
0.7773913043478261	0.006956521739130435	0.1373913043478261	0.0782608695652174
0.31130434782608696	0.0	0.4591304347826087	0.22956521739130434
0.8017391304347826	0.06608695652173913	0.06086956521739131	0.07130434782608695
0.662608695652174	0.0	0.26956521739130435	0.06782608695652174
0.5734265734265734	0.06118881118881119	0.12412587412587413	0.24125874125874125
0.5115452930728241	0.007104795737122558	0.4191829484902309	0.06216696269982238
0.27090909090909093	0.27454545454545454	0.13636363636363635	0.3181818181818182
0.31144465290806755	0.07317073170731707	0.3527204502814259	0.2626641651031895
0.388671875	0.06640625	0.462890625	0.08203125

MOTIF filter14
letter-probability matrix: alength= 4 w= 16 
0.24929971988795518	0.13865546218487396	0.4789915966386555	0.1330532212885154
0.11624649859943978	0.1876750700280112	0.06442577030812324	0.6316526610644257
0.17507002801120447	0.11764705882352941	0.1568627450980392	0.5504201680672269
0.012605042016806723	0.44537815126050423	0.02100840336134454	0.5210084033613446
0.046218487394957986	0.036414565826330535	0.7507002801120448	0.16666666666666666
0.27450980392156865	0.5896358543417367	0.018207282913165267	0.11764705882352941
0.018207282913165267	0.0	0.018207282913165267	0.9635854341736695
0.0938375350140056	0.05042016806722689	0.18347338935574228	0.6722689075630253
0.3025210084033613	0.38095238095238093	0.012605042016806723	0.30392156862745096
0.011204481792717087	0.6162464985994398	0.35014005602240894	0.022408963585434174
0.17366946778711484	0.7829131652661064	0.0350140056022409	0.008403361344537815
0.3333333333333333	0.19607843137254902	0.0	0.47058823529411764
0.029411764705882353	0.49719887955182074	0.4565826330532213	0.01680672268907563
0.0938375350140056	0.014005602240896359	0.36134453781512604	0.530812324929972
0.0014064697609001407	0.34739803094233473	0.30520393811533053	0.3459915611814346
0.047619047619047616	0.1717171717171717	0.18903318903318903	0.5916305916305916

MOTIF filter15
letter-probability matrix: alength= 4 w= 16 
0.4160493827160494	0.007407407407407408	0.1506172839506173	0.42592592592592593
0.6959619952494062	0.2494061757719715	0.014251781472684086	0.040380047505938245
0.5695754716981132	0.0	0.23231132075471697	0.19811320754716982
0.2841981132075472	0.125	0.2205188679245283	0.37028301886792453
0.38207547169811323	0.0047169811320754715	0.09669811320754718	0.5165094339622641
0.8219339622641509	0.02358490566037736	0.06721698113207547	0.08726415094339622
0.3455188679245283	0.0023584905660377358	0.125	0.527122641509434
0.6084905660377359	0.1544811320754717	0.04481132075471698	0.19221698113207547
0.6049528301886793	0.0	0.23938679245283018	0.15566037735849056
0.20400943396226415	0.33372641509433965	0.19693396226415094	0.2653301886792453
0.6945754716981132	0.0	0.018867924528301886	0.2865566037735849
0.7841981132075472	0.08372641509433962	0.06839622641509434	0.06367924528301887
0.42806603773584906	0.007075471698113208	0.19693396226415094	0.36792452830188677
0.7706855791962175	0.010638297872340425	0.2044917257683215	0.014184397163120567
0.12484993997599039	0.028811524609843937	0.7947178871548619	0.05162064825930372
0.3075	0.00625	0.38875	0.2975

MOTIF filter16
letter-probability matrix: alength= 4 w= 16 
0.2531969309462916	0.42114236999147486	0.17988064791133845	0.14578005115089515
0.1596009975062344	0.5228595178719867	0.02660016625103907	0.29093931837073983
0.1596009975062344	0.5660847880299252	0.2660016625103907	0.00831255195344971
0.3848711554447215	0.5502909393183707	0.00831255195344971	0.05652535328345802
0.06234413965087282	0.15876974231088944	0.26101413133832085	0.5178719866999169
0.02660016625103907	0.0016625103906899418	0.046550290939318374	0.9251870324189526
0.051537822111388194	0.029925187032418952	0.798836242726517	0.11970074812967581
0.3765586034912718	0.006650041562759767	0.07315045719035744	0.543640897755611
0.5062344139650873	0.09642560266001662	0.29343308395677475	0.10390689941812137
0.23025768911055694	0.011637572734829594	0.32751454696591853	0.4305901911886949
0.33915211970074816	0.1396508728179551	0.24438902743142144	0.27680798004987534
0.342477140482128	0.2942643391521197	0.3574397339983375	0.005818786367414797
0.11554447215295095	0.7955112219451371	0.06483790523690773	0.024106400665004156
0.06	0.36916666666666664	0.0425	0.5283333333333333
0.09774436090225563	0.23642439431913115	0.053467000835421885	0.6123642439431913
0.013582342954159592	0.09083191850594227	0.057724957555178265	0.8378607809847198

MOTIF filter17
letter-probability matrix: alength= 4 w= 16 
0.3207109737248841	0.04714064914992272	0.4273570324574961	0.20479134466769705
0.3333333333333333	0.14339339339339338	0.22297297297297297	0.3003003003003003
0.3584491587417703	0.005120702267739576	0.12362838332114119	0.5128017556693489
0.5440751445086706	0.0953757225433526	0.12066473988439307	0.2398843930635838
0.7839195979899497	0.0021536252692031586	0.15649676956209618	0.057430007178750894
0.5786073223259153	0.02799712849964106	0.32519741564967697	0.0681981335247667
0.5764536970567121	0.09117013639626705	0.22325915290739412	0.10911701363962671
0.08614501076812635	0.0021536252692031586	0.8980617372577172	0.013639626704953339
0.010768126346015794	0.39913854989231873	0.46661880832735103	0.12347451543431442
0.2038765254845657	0.02512562814070352	0.008614501076812634	0.7623833452979182
0.3697056712132089	0.4472361809045226	0.16008614501076812	0.02297200287150036
0.10552763819095477	0.17372577171572146	0.24623115577889448	0.4745154343144293
0.7586206896551724	0.05675287356321839	0.17169540229885058	0.01293103448275862
0.030215827338129497	0.10071942446043165	0.10503597122302158	0.7640287769784173
0.5068890500362582	0.13343002175489485	0.29731689630166785	0.06236403190717912
0.12379540400296515	0.014084507042253521	0.6397331356560415	0.2223869532987398

MOTIF filter18
letter-probability matrix: alength= 4 w= 16 
0.06263982102908278	0.07158836689038031	0.8501118568232662	0.015659955257270694
0.006711409395973154	0.017897091722595078	0.8344519015659956	0.14093959731543623
0.008948545861297539	0.3512304250559284	0.40492170022371365	0.2348993288590604
0.10067114093959731	0.2841163310961969	0.12304250559284116	0.49217002237136465
0.6196868008948546	0.06487695749440715	0.017897091722595078	0.2975391498881432
0.31096196868008946	0.28187919463087246	0.017897091722595078	0.38926174496644295
0.407158836689038	0.5503355704697986	0.013422818791946308	0.029082774049217
0.12304250559284116	0.03355704697986577	0.7785234899328859	0.06487695749440715
0.020134228187919462	0.8344519015659956	0.06487695749440715	0.08053691275167785
0.28859060402684567	0.2505592841163311	0.3691275167785235	0.09172259507829977
0.07606263982102908	0.21923937360178972	0.07158836689038031	0.6331096196868009
0.4407158836689038	0.46756152125279643	0.05145413870246085	0.040268456375838924
0.5413870246085011	0.14541387024608501	0.10738255033557047	0.2058165548098434
0.7516778523489933	0.0	0.08277404921700224	0.16554809843400448
0.02914798206278027	0.8609865470852018	0.04035874439461883	0.06950672645739911
0.6772727272727272	0.00909090909090909	0.17954545454545454	0.1340909090909091

MOTIF filter19
letter-probability matrix: alength= 4 w= 16 
0.1574307304785894	0.2304785894206549	0.22544080604534006	0.3866498740554156
0.19727047146401985	0.11042183622828784	0.3933002481389578	0.2990074441687345
0.6458823529411765	0.042352941176470586	0.23647058823529413	0.07529411764705882
0.22780373831775702	0.25	0.17289719626168223	0.3492990654205608
0.28154205607476634	0.25116822429906543	0.23481308411214954	0.2324766355140187
0.32009345794392524	0.33761682242990654	0.052570093457943924	0.2897196261682243
0.1413551401869159	0.09228971962616822	0.08177570093457943	0.6845794392523364
0.04322429906542056	0.036214953271028034	0.04088785046728972	0.8796728971962616
0.02219626168224299	0.056074766355140186	0.05957943925233645	0.8621495327102804
0.3341121495327103	0.010514018691588784	0.015186915887850467	0.6401869158878505
0.009345794392523364	0.9462616822429907	0.009345794392523364	0.035046728971962614
0.002336448598130841	0.9976635514018691	0.0	0.0
0.2	0.5345029239766081	0.04327485380116959	0.2222222222222222
0.6409356725146199	0.03508771929824561	0.17660818713450294	0.14736842105263157
0.4418331374853114	0.05405405405405406	0.4195064629847238	0.0846063454759107
0.5506024096385542	0.12530120481927712	0.21084337349397592	0.11325301204819277

MOTIF filter20
letter-probability matrix: alength= 4 w= 16 
0.4395229982964225	0.14310051107325383	0.23339011925042588	0.1839863713798978
0.25	0.04194630872483222	0.10570469798657718	0.6023489932885906
0.5479674796747968	0.04390243902439024	0.0943089430894309	0.31382113821138213
0.4959349593495935	0.23089430894308943	0.21138211382113822	0.061788617886178863
0.0032520325203252032	0.0	0.5056910569105691	0.49105691056910566
0.022764227642276424	0.8894308943089431	0.0	0.08780487804878048
0.0032520325203252032	0.00975609756097561	0.2	0.7869918699186992
0.22926829268292684	0.05040650406504065	0.5772357723577236	0.14308943089430895
0.026016260162601626	0.7382113821138211	0.17886178861788618	0.056910569105691054
0.15284552845528454	0.0	0.16260162601626016	0.6845528455284553
0.03902439024390244	0.6487804878048781	0.056910569105691054	0.2552845528455285
0.44552845528455287	0.032520325203252036	0.14308943089430895	0.37886178861788616
0.25691056910569104	0.6178861788617886	0.08455284552845528	0.04065040650406504
0.6276422764227643	0.014634146341463415	0.11056910569105691	0.24715447154471545
0.01957585644371941	0.3735725938009788	0.1566068515497553	0.45024469820554647
0.7770382695507487	0.07154742096505824	0.12312811980033278	0.028286189683860232

MOTIF filter21
letter-probability matrix: alength= 4 w= 16 
0.7742402315484804	0.11866859623733719	0.08393632416787265	0.023154848046309694
0.28075253256150506	0.06657018813314038	0.5369030390738061	0.11577424023154848
0.9277456647398844	0.004335260115606936	0.04046242774566474	0.02745664739884393
0.07803468208092486	0.7846820809248555	0.02601156069364162	0.11127167630057803
0.19797687861271676	0.7745664739884393	0.004335260115606936	0.023121387283236993
0.0072254335260115606	0.41184971098265893	0.028901734104046242	0.5520231213872833
0.02167630057803468	0.004335260115606936	0.14595375722543352	0.8280346820809249
0.24855491329479767	0.01300578034682081	0.07658959537572255	0.661849710982659
0.2846820809248555	0.002890173410404624	0.1994219653179191	0.5130057803468208
0.7413294797687862	0.05202312138728324	0.10549132947976879	0.10115606936416185
0.0476878612716763	0.32514450867052025	0.615606936416185	0.011560693641618497
0.361794500723589	0.25615050651230103	0.30824891461649784	0.07380607814761216
0.17800289435600578	0.19681620839363242	0.13314037626628075	0.492040520984081
0.21313868613138687	0.15182481751824817	0.5328467153284672	0.10218978102189781
0.35441176470588237	0.1161764705882353	0.36911764705882355	0.16029411764705884
0.0915915915915916	0.1831831831831832	0.05855855855855856	0.6666666666666666

MOTIF filter22
letter-probability matrix: alength= 4 w= 16 
0.13380281690140844	0.22082494969818914	0.36670020120724345	0.27867203219315895
0.03217697335344394	0.5138260432378079	0.15485168426344897	0.29914529914529914
0.4403169886082219	0.23922734026745915	0.06488360574541853	0.2555720653789004
0.3671449777337952	0.4928253339930727	0.12469074715487383	0.015338941118258289
0.15859683794466403	0.441699604743083	0.3423913043478261	0.05731225296442688
0.04693675889328063	0.4990118577075099	0.15019762845849802	0.3038537549407115
0.07262845849802371	0.183300395256917	0.6936758893280632	0.05039525691699605
0.06027667984189723	0.1674901185770751	0.03359683794466403	0.7386363636363636
0.006422924901185771	0.9120553359683794	0.07312252964426877	0.008399209486166008
0.5854743083003953	0.045454545454545456	0.010869565217391304	0.35820158102766797
0.06719367588932806	0.5108695652173914	0.020750988142292492	0.40118577075098816
0.5563241106719368	0.258399209486166	0.02717391304347826	0.15810276679841898
0.24950592885375494	0.021245059288537548	0.3705533596837945	0.358695652173913
0.36422200198216054	0.2309217046580773	0.00842418235877106	0.39643211100099107
0.7857852882703777	0.1610337972166998	0.011928429423459244	0.04125248508946322
0.5115089514066496	0.39948849104859335	0.02557544757033248	0.06342710997442455

MOTIF filter23
letter-probability matrix: alength= 4 w= 16 
0.4557823129251701	0.17006802721088435	0.11564625850340136	0.2585034013605442
0.4772727272727273	0.18181818181818182	0.2435064935064935	0.09740259740259741
0.5884244372990354	0.2347266881028939	0.1157556270096463	0.06109324758842444
0.4919614147909968	0.3311897106109325	0.028938906752411574	0.14790996784565916
0.4694533762057878	0.39228295819935693	0.06109324758842444	0.07717041800643087
0.3054662379421222	0.5337620578778135	0.028938906752411574	0.13183279742765272
0.24115755627009647	0.20257234726688103	0.01929260450160772	0.5369774919614148
0.12540192926045016	0.05787781350482315	0.02572347266881029	0.7909967845659164
0.1832797427652733	0.0	0.08681672025723473	0.729903536977492
0.5691318327974276	0.0	0.11254019292604502	0.3183279742765273
0.7652733118971061	0.003215434083601286	0.0	0.2315112540192926
0.006430868167202572	0.9035369774919614	0.0	0.09003215434083602
0.0	1.0	0.0	0.0
0.0	0.8038585209003215	0.03536977491961415	0.1607717041800643
0.45483870967741935	0.02903225806451613	0.12258064516129032	0.3935483870967742
0.4850498338870432	0.03322259136212625	0.2956810631229236	0.18604651162790697

MOTIF filter24
letter-probability matrix: alength= 4 w= 16 
0.23355263157894737	0.011513157894736841	0.7286184210526315	0.02631578947368421
0.3574173712528824	0.09223674096848578	0.504227517294389	0.04611837048424289
0.06957186544342507	0.00382262996941896	0.8837920489296636	0.04281345565749235
0.07033639143730887	0.012996941896024464	0.4877675840978593	0.4288990825688073
0.43654434250764523	0.28211009174311924	0.07033639143730887	0.21100917431192662
0.154434250764526	0.01529051987767584	0.6934250764525994	0.13685015290519878
0.21941896024464833	0.19954128440366972	0.154434250764526	0.42660550458715596
0.2974006116207951	0.16055045871559634	0.39908256880733944	0.14296636085626913
0.08868501529051988	0.024464831804281346	0.29434250764525993	0.5925076452599388
0.5389908256880734	0.0030581039755351682	0.18960244648318042	0.268348623853211
0.0007645259938837921	0.8937308868501529	0.10550458715596331	0.0
0.15825688073394495	0.0015290519877675841	0.5840978593272171	0.2561162079510703
0.00306044376434583	0.5570007651109411	0.009181331293037491	0.43075745983167557
0.3789392774788624	0.2674865488086088	0.030745580322828592	0.3228285933897002
0.31501547987616096	0.04953560371517028	0.053405572755417956	0.5820433436532507
0.4230465666929755	0.0978689818468824	0.4546172059984215	0.0244672454617206

MOTIF filter25
letter-probability matrix: alength= 4 w= 16 
0.09080717488789238	0.06502242152466367	0.3721973094170404	0.47197309417040356
0.0732519422863485	0.6903440621531631	0.05216426193118757	0.18423973362930077
0.0739514348785872	0.03863134657836645	0.2726269315673289	0.6147902869757175
0.3493975903614458	0.16100766703176342	0.4534501642935378	0.03614457831325301
0.21796276013143484	0.04928806133625411	0.3614457831325301	0.37130339539978097
0.2552026286966046	0.044906900328587074	0.038335158817086525	0.6615553121577218
0.4633077765607886	0.14676889375684557	0.056955093099671415	0.3329682365826944
0.17524644030668127	0.17634173055859803	0.47316538882803943	0.17524644030668127
0.31106243154435925	0.01095290251916758	0.3099671412924425	0.36801752464403065
0.02628696604600219	0.9090909090909091	0.012048192771084338	0.05257393209200438
0.1774370208105148	0.001095290251916758	0.20262869660460023	0.6188389923329682
0.6177437020810514	0.34720700985761227	0.0065717415115005475	0.028477546549835708
0.09090909090909091	0.01095290251916758	0.08762322015334063	0.8105147864184009
0.9298245614035088	0.01425438596491228	0.025219298245614034	0.03070175438596491
0.09592061742006615	0.15214994487320838	0.24366041896361632	0.5082690187431091
0.46319365798414497	0.026047565118912798	0.41336353340883353	0.09739524348810873

MOTIF filter26
letter-probability matrix: alength= 4 w= 16 
0.6043755697356427	0.02917046490428441	0.3017319963536919	0.06472196900638104
0.7222641509433962	0.03018867924528302	0.2369811320754717	0.010566037735849057
0.3801711840228245	0.0	0.5748930099857347	0.0449358059914408
0.3823321554770318	0.007067137809187279	0.4614840989399293	0.14911660777385158
0.18374558303886926	0.0021201413427561835	0.7109540636042403	0.10318021201413427
0.3575971731448763	0.02049469964664311	0.5780918727915194	0.04381625441696113
0.045936395759717315	0.0431095406360424	0.8120141342756184	0.0989399293286219
0.05088339222614841	0.10176678445229682	0.7547703180212014	0.09257950530035336
0.0035335689045936395	0.01625441696113074	0.4021201413427562	0.5780918727915194
0.2431095406360424	0.6275618374558304	0.08480565371024736	0.04452296819787986
0.30318021201413425	0.19929328621908127	0.1420494699646643	0.35547703180212015
0.192226148409894	0.004240282685512367	0.2643109540636042	0.5392226148409894
0.3660777385159011	0.5300353356890459	0.019081272084805655	0.08480565371024736
0.4369688385269122	0.002124645892351275	0.11898016997167139	0.44192634560906513
0.1379800853485064	0.5576102418207681	0.09815078236130868	0.20625889046941678
0.14491708723864455	0.0014419610670511895	0.6604181687094448	0.1932227829848594

MOTIF filter27
letter-probability matrix: alength= 4 w= 16 
0.9547872340425532	0.0026595744680851063	0.02526595744680851	0.017287234042553192
0.2779255319148936	0.35904255319148937	0.35106382978723405	0.011968085106382979
0.17819148936170212	0.5944148936170213	0.04521276595744681	0.18218085106382978
0.1702127659574468	0.8257978723404256	0.0	0.003989361702127659
0.39893617021276595	0.05319148936170213	0.125	0.4228723404255319
0.0199468085106383	0.16489361702127658	0.1502659574468085	0.6648936170212766
0.8111702127659575	0.0425531914893617	0.02127659574468085	0.125
0.24468085106382978	0.4973404255319149	0.1595744680851064	0.09840425531914894
0.42154255319148937	0.02925531914893617	0.4640957446808511	0.0851063829787234
0.09707446808510638	0.4853723404255319	0.11569148936170212	0.30186170212765956
0.7752659574468085	0.06515957446808511	0.07712765957446809	0.08244680851063829
0.011968085106382979	0.7632978723404256	0.014627659574468085	0.21010638297872342
0.28058510638297873	0.0625	0.6156914893617021	0.041223404255319146
0.03614457831325301	0.0642570281124498	0.2677376171352075	0.6318607764390897
0.24076607387140903	0.19835841313269495	0.3337893296853625	0.2270861833105335
0.45454545454545453	0.3409090909090909	0.13352272727272727	0.07102272727272728

MOTIF filter28
letter-probability matrix: alength= 4 w= 16 
0.35402341572198476	0.1252555287121353	0.39806727374094036	0.1226537818249396
0.12340896513558385	0.07969009407858328	0.646928610957388	0.14997232982844494
0.36649852148199685	0.0015654896503739782	0.2283875456601148	0.4035484432075144
0.005914072012523917	0.034614715602713515	0.4499913028352757	0.5094799095494869
0.03861541137589146	0.018785875804487737	0.8961558531918594	0.04644285962776135
0.20142633501478518	0.04783440598364933	0.08697164724299879	0.6637676117585667
0.18211862932683945	0.0010436597669159853	0.640111323708471	0.17672638719777353
0.024004174639067663	0.038441468081405465	0.6141937728300574	0.32336058444946947
0.20438337102104714	0.12210819272917028	0.3790224386849887	0.2944859975647939
0.08436249782570882	0.3894590363541485	0.4536441120194816	0.07253435380066098
0.1864672116889894	0.3924160723604105	0.030961906418507566	0.39015480953209253
0.3165618448637317	0.19304682040531096	0.18780573025856045	0.3025856044723969
0.15864121870075293	0.04710208369812642	0.12011906846436701	0.6741376291367537
0.0921748325696158	0.042826929855481144	0.09041240747268241	0.7745858301022207
0.3167857142857143	0.07464285714285715	0.4035714285714286	0.205
0.18506912442396314	0.1391705069124424	0.28	0.3957603686635945

MOTIF filter29
letter-probability matrix: alength= 4 w= 16 
0.2761904761904762	0.20238095238095238	0.3333333333333333	0.1880952380952381
0.3476190476190476	0.34285714285714286	0.011904761904761904	0.2976190476190476
0.06190476190476191	0.8452380952380952	0.0	0.09285714285714286
0.1619047619047619	0.11190476190476191	0.02142857142857143	0.7047619047619048
0.20952380952380953	0.004761904761904762	0.0	0.7857142857142857
0.06428571428571428	0.3523809523809524	0.016666666666666666	0.5666666666666667
0.07857142857142857	0.22380952380952382	0.20476190476190476	0.4928571428571429
0.18333333333333332	0.4119047619047619	0.22142857142857142	0.18333333333333332
0.5571428571428572	0.05	0.38095238095238093	0.011904761904761904
0.4238095238095238	0.07380952380952381	0.4928571428571429	0.009523809523809525
0.8761904761904762	0.06190476190476191	0.023809523809523808	0.0380952380952381
0.03333333333333333	0.0380952380952381	0.9047619047619048	0.023809523809523808
0.011904761904761904	0.1	0.3523809523809524	0.5357142857142857
0.10238095238095238	0.08333333333333333	0.1761904761904762	0.638095238095238
0.3119047619047619	0.08095238095238096	0.5619047619047619	0.04523809523809524
0.32929782082324455	0.648910411622276	0.002421307506053269	0.01937046004842615

MOTIF filter30
letter-probability matrix: alength= 4 w= 16 
0.26105263157894737	0.00631578947368421	0.25684210526315787	0.47578947368421054
0.7626168224299066	0.14205607476635515	0.05046728971962617	0.044859813084112146
0.11317254174397032	0.12059369202226346	0.634508348794063	0.13172541743970315
0.012987012987012988	0.03896103896103896	0.49536178107606677	0.45269016697588127
0.04081632653061224	0.022263450834879406	0.4007421150278293	0.536178107606679
0.287569573283859	0.5009276437847866	0.0686456400742115	0.14285714285714285
0.6493506493506493	0.17810760667903525	0.08348794063079777	0.08905380333951762
0.08719851576994433	0.13543599257884972	0.1150278293135436	0.6623376623376623
0.4489795918367347	0.2949907235621521	0.24118738404452691	0.014842300556586271
0.02411873840445269	0.04452690166975881	0.09647495361781076	0.8348794063079777
0.3116883116883117	0.634508348794063	0.03525046382189239	0.01855287569573284
0.19666048237476808	0.0037105751391465678	0.06307977736549165	0.7365491651205937
0.274582560296846	0.7161410018552876	0.00927643784786642	0.0
0.05380333951762523	0.0	0.549165120593692	0.3970315398886827
0.28305400372439476	0.0521415270018622	0.3016759776536313	0.36312849162011174
0.851782363977486	0.0225140712945591	0.11444652908067542	0.01125703564727955

MOTIF filter31
letter-probability matrix: alength= 4 w= 16 
0.23542685220007523	0.6084994358781497	0.14516735614892817	0.010906355772846935
0.2081924088688463	0.6869597895527997	0.02818489289740699	0.07666290868094701
0.48161764705882354	0.3341911764705882	0.033455882352941176	0.15073529411764705
0.30625	0.09338235294117647	0.27536764705882355	0.325
0.3225806451612903	0.3969941348973607	0.04948680351906158	0.23093841642228738
0.06451612903225806	0.48497067448680353	0.19318181818181818	0.25733137829912023
0.20234604105571846	0.18878299120234604	0.4809384164222874	0.1279325513196481
0.35997067448680353	0.025293255131964808	0.4901026392961877	0.12463343108504399
0.8892961876832844	0.024560117302052785	0.08211143695014662	0.004032258064516129
0.17118768328445746	0.4090909090909091	0.36693548387096775	0.05278592375366569
