MEME version 4

ALPHABET= ACGU

strands: + -

Background letter frequencies
A 0.25 C 0.25 G 0.25 U 0.25

MOTIF filter0
letter-probability matrix: alength= 4 w= 16 
0.12345679012345678	0.16049382716049382	0.6296296296296297	0.08641975308641975
0.037037037037037035	0.4074074074074074	0.5308641975308642	0.024691358024691357
0.024691358024691357	0.07407407407407407	0.8271604938271605	0.07407407407407407
0.0	0.2345679012345679	0.6296296296296297	0.13580246913580246
0.012345679012345678	0.7283950617283951	0.24691358024691357	0.012345679012345678
0.0	0.14814814814814814	0.8395061728395061	0.012345679012345678
0.037037037037037035	0.1111111111111111	0.8518518518518519	0.0
0.037037037037037035	0.0	0.9382716049382716	0.024691358024691357
0.012345679012345678	0.04938271604938271	0.9012345679012346	0.037037037037037035
0.037037037037037035	0.024691358024691357	0.8888888888888888	0.04938271604938271
0.5802469135802469	0.1111111111111111	0.20987654320987653	0.09876543209876543
0.345679012345679	0.3333333333333333	0.20987654320987653	0.1111111111111111
0.2222222222222222	0.1111111111111111	0.4567901234567901	0.20987654320987653
0.275	0.0	0.6875	0.0375
0.1625	0.1	0.675	0.0625
0.0375	0.025	0.875	0.0625

MOTIF filter1
letter-probability matrix: alength= 4 w= 16 
0.7977011494252874	0.0367816091954023	0.1103448275862069	0.05517241379310345
0.8275862068965517	0.0	0.13479623824451412	0.03761755485893417
0.050156739811912224	0.0	0.9498432601880877	0.0
0.007836990595611285	0.0	0.9921630094043887	0.0
0.007836990595611285	0.0	0.9890282131661442	0.003134796238244514
0.14890282131661442	0.0	0.822884012539185	0.02821316614420063
0.5203761755485894	0.018808777429467086	0.34796238244514105	0.11285266457680251
0.3871473354231975	0.03134796238244514	0.5047021943573667	0.0768025078369906
0.13636363636363635	0.14576802507836992	0.5830721003134797	0.13479623824451412
0.22570532915360503	0.03761755485893417	0.5156739811912225	0.22100313479623823
0.18181818181818182	0.46394984326018807	0.24921630094043887	0.10501567398119123
0.13009404388714735	0.32445141065830724	0.2006269592476489	0.3448275862068966
0.5196232339089482	0.1978021978021978	0.059654631083202514	0.22291993720565148
0.30906148867313915	0.48220064724919093	0.016181229773462782	0.1925566343042071
0.20394736842105263	0.28125	0.15296052631578946	0.3618421052631579
0.2827586206896552	0.2413793103448276	0.19827586206896552	0.2775862068965517

MOTIF filter2
letter-probability matrix: alength= 4 w= 16 
0.04384133611691023	0.38204592901878914	0.13987473903966596	0.4342379958246347
0.039337474120082816	0.8322981366459627	0.0	0.12836438923395446
0.016563146997929608	0.6004140786749482	0.23809523809523808	0.14492753623188406
0.616600790513834	0.14031620553359683	0.009881422924901186	0.233201581027668
0.1067193675889328	0.01383399209486166	0.782608695652174	0.09683794466403162
0.7964426877470355	0.03359683794466403	0.08300395256916997	0.08695652173913043
0.12845849802371542	0.007905138339920948	0.841897233201581	0.021739130434782608
0.7075098814229249	0.011857707509881422	0.015810276679841896	0.2648221343873518
0.1225296442687747	0.04743083003952569	0.7490118577075099	0.08102766798418973
0.7905138339920948	0.003952569169960474	0.001976284584980237	0.20355731225296442
0.23122529644268774	0.005928853754940711	0.5553359683794467	0.2075098814229249
0.3774703557312253	0.11264822134387352	0.021739130434782608	0.4881422924901186
0.2714570858283433	0.15568862275449102	0.37924151696606784	0.1936127744510978
0.16265060240963855	0.6867469879518072	0.05220883534136546	0.09839357429718876
0.12016293279022404	0.45417515274949083	0.16089613034623218	0.26476578411405294
0.32264957264957267	0.4230769230769231	0.1388888888888889	0.11538461538461539

MOTIF filter3
letter-probability matrix: alength= 4 w= 16 
0.3160333642261353	0.6468952734012975	0.021316033364226137	0.015755329008341055
0.36666666666666664	0.05740740740740741	0.22407407407407406	0.35185185185185186
0.18207024029574861	0.333641404805915	0.10258780036968576	0.38170055452865065
0.07208872458410351	0.3299445471349353	0.09149722735674677	0.5064695009242144
0.31805682859761686	0.35838680109990834	0.21448212648945922	0.10907424381301559
0.23373052245646195	0.36571952337305225	0.2465627864344638	0.153987167736022
0.826007326007326	0.06135531135531135	0.10622710622710622	0.00641025641025641
0.0	0.2619047619047619	0.717948717948718	0.020146520146520148
0.10164835164835165	0.5155677655677655	0.11263736263736264	0.27014652014652013
0.003663003663003663	0.3965201465201465	0.5531135531135531	0.046703296703296704
0.05128205128205128	0.14194139194139194	0.7161172161172161	0.09065934065934066
0.06135531135531135	0.05311355311355311	0.8452380952380952	0.040293040293040296
0.0009157509157509158	0.7371794871794872	0.21520146520146521	0.046703296703296704
0.05606617647058824	0.7472426470588235	0.08731617647058823	0.109375
0.05083179297597042	0.6266173752310537	0.22365988909426987	0.0988909426987061
0.22443181818181818	0.6477272727272727	0.061553030303030304	0.06628787878787878

MOTIF filter4
letter-probability matrix: alength= 4 w= 16 
0.3888888888888889	0.07407407407407407	0.37037037037037035	0.16666666666666666
0.3225806451612903	0.016129032258064516	0.5483870967741935	0.11290322580645161
0.4342105263157895	0.0	0.5263157894736842	0.039473684210526314
0.05263157894736842	0.013157894736842105	0.8947368421052632	0.039473684210526314
0.0	0.0	1.0	0.0
0.0	0.0	1.0	0.0
0.06578947368421052	0.0	0.9342105263157895	0.0
0.14473684210526316	0.0	0.8289473684210527	0.02631578947368421
0.13157894736842105	0.0	0.8552631578947368	0.013157894736842105
0.25	0.02631578947368421	0.7105263157894737	0.013157894736842105
0.21052631578947367	0.02631578947368421	0.7236842105263158	0.039473684210526314
0.10526315789473684	0.0	0.868421052631579	0.02631578947368421
0.13157894736842105	0.02631578947368421	0.7763157894736842	0.06578947368421052
0.23684210526315788	0.05263157894736842	0.6052631578947368	0.10526315789473684
0.19736842105263158	0.2236842105263158	0.4473684210526316	0.13157894736842105
0.16216216216216217	0.24324324324324326	0.3783783783783784	0.21621621621621623

MOTIF filter5
letter-probability matrix: alength= 4 w= 16 
0.11796913887506222	0.3429566948730712	0.2145345943255351	0.3245395719263315
0.6333081570996979	0.1748489425981873	0.05626888217522659	0.1355740181268882
0.1659176029962547	0.1441947565543071	0.5498127340823971	0.1400749063670412
0.6229876450767503	0.11344065892923999	0.11531261699737926	0.1482590789966305
0.1737177087233246	0.5990265818045676	0.08536128790715088	0.14189442156495694
0.040434294271808315	0.6136278547360539	0.06813927368026956	0.2777985773118682
0.11991034740381024	0.3940978707508405	0.18789689951438177	0.2980948823309675
0.18341426970489355	0.06611878968995144	0.5513634665670527	0.19910347403810236
0.5155024280911468	0.19237952932387	0.005229734777736272	0.28688830780724695
0.39708629062383266	0.4449010085917071	0.028763541277549497	0.1292491595069107
0.03548748599178184	0.023533806499813223	0.7075084049308928	0.23347030257751214
0.14307060141949943	0.18378782218901757	0.6436309301456855	0.029510646245797533
0.0033619723571161747	0.8763541277549496	0.11468061262607396	0.0056032872618602915
0.0037397157816005983	0.9300673148840688	0.05011219147344802	0.016080777860882575
0.033370828646419194	0.0562429696287964	0.2617172853393326	0.6486689163854518
0.08275058275058275	0.25135975135975136	0.5213675213675214	0.1445221445221445

MOTIF filter6
letter-probability matrix: alength= 4 w= 16 
0.6648083623693379	0.036933797909407665	0.19581881533101045	0.1024390243902439
0.03902439024390244	0.007665505226480836	0.8843205574912892	0.06898954703832752
0.39223839223839224	0.20443520443520444	0.07623007623007623	0.3270963270963271
0.07830907830907831	0.5918225918225918	0.22661122661122662	0.10325710325710326
0.29313929313929316	0.2862092862092862	0.1774081774081774	0.24324324324324326
0.47645429362880887	0.12326869806094183	0.2756232686980609	0.12465373961218837
0.7437845303867403	0.015193370165745856	0.231353591160221	0.009668508287292817
0.1319060773480663	0.12914364640883977	0.6781767955801105	0.06077348066298342
0.6982044198895028	0.0649171270718232	0.2175414364640884	0.019337016574585635
0.0027624309392265192	0.010359116022099447	0.9779005524861878	0.008977900552486187
0.4026243093922652	0.0	0.5863259668508287	0.011049723756906077
0.05817174515235457	0.002077562326869806	0.850415512465374	0.08933518005540166
0.05837387074357193	0.4649061848505907	0.2772758860319666	0.19944405837387075
0.3728932584269663	0.16573033707865167	0.33146067415730335	0.12991573033707865
0.15346534653465346	0.08345120226308345	0.5084865629420084	0.2545968882602546
0.036205648081100654	0.25923244026068065	0.4786386676321506	0.22592324402606806

MOTIF filter7
letter-probability matrix: alength= 4 w= 16 
0.16445830085736554	0.3000779423226812	0.17069368667186283	0.36477007014809043
0.5032774945375091	0.1412964311726147	0.04442825928623452	0.31099781500364165
0.18472727272727274	0.44072727272727275	0.1389090909090909	0.23563636363636364
0.7194244604316546	0.08057553956834532	0.14676258992805755	0.053237410071942444
0.10575539568345324	0.6510791366906474	0.0683453237410072	0.1748201438848921
0.600711743772242	0.2754448398576512	0.05338078291814947	0.0704626334519573
0.09395017793594305	0.19359430604982206	0.6797153024911032	0.032740213523131674
0.2875444839857651	0.08683274021352314	0.006405693950177936	0.6192170818505338
0.24555160142348753	0.06548042704626335	0.1893238434163701	0.499644128113879
0.3416370106761566	0.1103202846975089	0.09608540925266904	0.45195729537366547
0.9523131672597864	0.0035587188612099642	0.0014234875444839859	0.042704626334519574
0.12455516014234876	0.01494661921708185	0.499644128113879	0.3608540925266904
0.1480427046263345	0.7722419928825622	0.0	0.0797153024911032
0.007840342124019958	0.04490377761938703	0.7754811119030649	0.17177476835352815
0.15035971223021583	0.3158273381294964	0.004316546762589928	0.5294964028776978
0.021449704142011833	0.4593195266272189	0.11760355029585799	0.40162721893491127

MOTIF filter8
letter-probability matrix: alength= 4 w= 16 
0.6543878656554712	0.04008667388949079	0.05254604550379198	0.25297941495124593
0.7867485739359368	0.017990346643264588	0.1816586222027205	0.013602457218078104
0.3497147871873629	0.019306713470820535	0.44888108819657746	0.18209741114523914
0.6928477402369461	0.16849495392716105	0.005265467310223783	0.13339183852566916
0.16235190873189995	0.22641509433962265	0.2711715664765248	0.3400614304519526
0.104870557261957	0.8424747696358051	0.00043878894251864854	0.05221588415971917
0.07064501974550241	0.31241772707327775	0.20403685827117157	0.41290039491004826
0.1917507678806494	0.08161474330846863	0.00307152259763054	0.7235629662132514
0.6086002632733655	0.002193944712593243	0.32426502852128125	0.06494076349275998
0.5699868363317244	0.12637121544537078	0.0008775778850372971	0.30276437033786746
0.11627906976744186	0.02106186924089513	0.6200087757788504	0.24265028521281265
0.2650285212812637	0.4146555506801229	0.0	0.3203159280386134
0.016235190873189996	0.34576568670469504	0.5651601579640193	0.07283896445809565
0.011438627364716234	0.41179058512978445	0.02243730752309723	0.5543334799824021
0.18528368794326242	0.40070921985815605	0.06959219858156028	0.34441489361702127
0.12597343105817682	0.5098488318827302	0.22079706825469536	0.14338066880439762

MOTIF filter9
letter-probability matrix: alength= 4 w= 16 
0.019455252918287938	0.6498054474708171	0.023346303501945526	0.30739299610894943
0.0	0.914396887159533	0.042801556420233464	0.042801556420233464
0.0038910505836575876	0.6770428015564203	0.23346303501945526	0.08560311284046693
0.01556420233463035	0.8249027237354085	0.0311284046692607	0.12840466926070038
0.054474708171206226	0.7003891050583657	0.2178988326848249	0.027237354085603113
0.06614785992217899	0.6070038910505836	0.07782101167315175	0.2490272373540856
0.03501945525291829	0.7665369649805448	0.1245136186770428	0.07392996108949416
0.0311284046692607	0.8171206225680934	0.07782101167315175	0.07392996108949416
0.01556420233463035	0.9455252918287937	0.011673151750972763	0.027237354085603113
0.027237354085603113	0.7470817120622568	0.06614785992217899	0.15953307392996108
0.09727626459143969	0.7237354085603113	0.07392996108949416	0.10505836575875487
0.1843137254901961	0.3686274509803922	0.047058823529411764	0.4
0.08235294117647059	0.6431372549019608	0.11372549019607843	0.1607843137254902
0.208	0.36	0.076	0.356
0.17886178861788618	0.45934959349593496	0.33739837398373984	0.024390243902439025
0.22844827586206898	0.17672413793103448	0.15517241379310345	0.4396551724137931

MOTIF filter10
letter-probability matrix: alength= 4 w= 16 
0.3522583901085037	0.17284885187988897	0.28665152662124654	0.18824123139036084
0.9893989675516224	0.009126106194690266	0.0007374631268436578	0.0007374631268436578
0.0025811209439528023	0.00046091445427728613	0.9786135693215339	0.018344395280235987
0.9684734513274337	0.004148230088495576	0.002857669616519174	0.02452064896755162
0.013089970501474927	0.7766408554572272	0.13108407079646017	0.07918510324483775
0.1689712389380531	0.6061025073746312	0.016592920353982302	0.20833333333333334
0.24880162241887904	0.32761799410029496	0.203632005899705	0.21994837758112096
0.24861725663716813	0.3568399705014749	0.1528392330383481	0.24170353982300885
0.1969948377581121	0.22612463126843657	0.3837573746312684	0.19312315634218288
0.27295353982300885	0.21580014749262535	0.0778023598820059	0.43344395280235987
0.2924041297935103	0.11495206489675516	0.20012905604719763	0.3925147492625369
0.13584801254265425	0.09563773863321959	0.18113068339020566	0.5873835654339205
0.2796750969171128	0.4149898467786598	0.07854901236846963	0.2267860439357578
0.21469084146908415	0.27652254765225476	0.13296141329614133	0.37582519758251975
0.1855457779442052	0.2306684141546527	0.22477064220183487	0.35901516569930725
0.38839115516584066	0.24399542508577965	0.17108272969881816	0.19653069004956156

MOTIF filter11
letter-probability matrix: alength= 4 w= 16 
0.3556985294117647	0.07904411764705882	0.5294117647058824	0.035845588235294115
0.17673992673992675	0.02564102564102564	0.6858974358974359	0.11172161172161173
0.07142857142857142	0.054945054945054944	0.163003663003663	0.7106227106227107
0.27106227106227104	0.07692307692307693	0.0347985347985348	0.6172161172161172
0.18772893772893773	0.40384615384615385	0.18956043956043955	0.21886446886446886
0.08608058608058608	0.31135531135531136	0.38278388278388276	0.21978021978021978
0.03388278388278388	0.23443223443223443	0.09432234432234432	0.6373626373626373
0.010073260073260074	0.8058608058608059	0.008241758241758242	0.17582417582417584
0.17032967032967034	0.6263736263736264	0.10805860805860806	0.09523809523809523
0.01098901098901099	0.6483516483516484	0.11263736263736264	0.22802197802197802
0.5283882783882784	0.184981684981685	0.18406593406593408	0.10256410256410256
0.18772893772893773	0.21978021978021978	0.40201465201465203	0.19047619047619047
0.09340659340659341	0.05402930402930403	0.0173992673992674	0.8351648351648352
0.9074243813015582	0.0843263061411549	0.00458295142071494	0.0036663611365719525
0.06880733944954129	0.21284403669724772	0.24954128440366974	0.4688073394495413
0.7846441947565543	0.03745318352059925	0.15917602996254682	0.018726591760299626

MOTIF filter12
letter-probability matrix: alength= 4 w= 16 
0.2833286159071611	0.25389187659213136	0.003679592414378715	0.4590999150863289
0.20501515569027282	0.24469550840451915	0.3720033066960595	0.17828602920914852
0.4348543155579989	0.208631115997801	0.14815832875206159	0.20835623969213854
0.6750656167979002	0.17244094488188977	0.015748031496062992	0.136745406824147
0.2677165354330709	0.07034120734908136	0.5724409448818898	0.08950131233595801
0.22146418262923118	0.1700341117816846	0.022303857255313565	0.5861978483337706
0.10600892154290213	0.16977171346103384	0.3739176069273157	0.35030175806874836
0.19574914720545789	0.026239832065074783	0.42797166098136974	0.35003935974809763
0.18997638415114143	0.39097349776961426	0.16216216216216217	0.25688795591708213
0.12647599055366046	0.672264497507216	0.1760692731566518	0.025190238782471792
0.0658619784833377	0.2067698766727893	0.19128837575439517	0.5360797690894779
0.006559958016268696	0.1668853319338756	0.510889530307006	0.31566517974284963
0.0013119916032537393	0.43846759380739964	0.48333770663867753	0.07688270795066912
0.0120703227499344	0.90527420624508	0.03542377328785096	0.04723169771713461
0.005781865965834429	0.8701708278580814	0.0783180026281209	0.04572930354796321
0.02782981000802783	0.6895905806796896	0.08482740165908483	0.19775220765319776

MOTIF filter13
letter-probability matrix: alength= 4 w= 16 
0.38405797101449274	0.3115942028985507	0.15217391304347827	0.15217391304347827
1.0	0.0	0.0	0.0
0.36231884057971014	0.00966183574879227	0.5942028985507246	0.033816425120772944
0.0	0.0	1.0	0.0
0.0	0.0	1.0	0.0
0.0	0.0	1.0	0.0
0.7681159420289855	0.0	0.20772946859903382	0.024154589371980676
0.8840579710144928	0.0	0.028985507246376812	0.08695652173913043
0.6376811594202898	0.028985507246376812	0.16908212560386474	0.1642512077294686
0.5024154589371981	0.033816425120772944	0.23671497584541062	0.22705314009661837
0.37681159420289856	0.07729468599033816	0.2946859903381642	0.25120772946859904
0.47572815533980584	0.1941747572815534	0.17475728155339806	0.1553398058252427
0.6195121951219512	0.07317073170731707	0.18048780487804877	0.12682926829268293
0.37435897435897436	0.1641025641025641	0.22564102564102564	0.2358974358974359
0.45454545454545453	0.11764705882352941	0.22459893048128343	0.20320855614973263
0.4318181818181818	0.11363636363636363	0.24431818181818182	0.21022727272727273

MOTIF filter14
letter-probability matrix: alength= 4 w= 16 
0.4838709677419355	0.09256661991584852	0.029453015427769985	0.394109396914446
0.9602094240837696	0.024083769633507852	0.0020942408376963353	0.013612565445026177
0.4041884816753927	0.0	0.5214659685863874	0.0743455497382199
0.93717277486911	0.009424083769633508	0.0	0.05340314136125655
0.5895287958115183	0.11518324607329843	0.012565445026178011	0.28272251308900526
0.31518324607329845	0.12041884816753927	0.007329842931937173	0.5570680628272251
0.5717277486910994	0.1162303664921466	0.0	0.31204188481675393
0.4722513089005236	0.12460732984293194	0.19476439790575917	0.20837696335078534
0.3403141361256545	0.1162303664921466	0.0	0.543455497382199
0.5225130890052356	0.10261780104712041	0.09633507853403141	0.27853403141361255
0.3863874345549738	0.04293193717277487	0.0	0.5706806282722513
0.1549738219895288	0.37591623036649213	0.03664921465968586	0.4324607329842932
0.181151832460733	0.27958115183246074	0.005235602094240838	0.5340314136125655
0.080797481636936	0.2266526757607555	0.016789087093389297	0.6757607555089192
0.13283740701381508	0.6567481402763018	0.015940488841657812	0.1944739638682253
0.34509371554575524	0.3131201764057332	0.030871003307607496	0.31091510474090406

MOTIF filter15
letter-probability matrix: alength= 4 w= 16 
0.5236907730673317	0.14962593516209477	0.16708229426433915	0.1596009975062344
0.1896551724137931	0.008620689655172414	0.28201970443349755	0.5197044334975369
0.42028985507246375	0.16666666666666666	0.10990338164251208	0.3031400966183575
0.08091787439613526	0.26207729468599034	0.34782608695652173	0.30917874396135264
0.0929951690821256	0.26811594202898553	0.1823671497584541	0.45652173913043476
0.23401688781664656	0.15681544028950542	0.05186972255729795	0.5572979493365501
0.028950542822677925	0.18576598311218334	0.36791314837153194	0.41737032569360677
0.48854041013269	0.25331724969843183	0.0036188178528347406	0.2545235223160434
0.0012062726176115801	0.03498190591073583	0.9252110977080821	0.038600723763570564
0.09529553679131483	0.026537997587454766	0.0024125452352231603	0.8757539203860072
0.28347406513872137	0.11218335343787696	0.3606755126658625	0.2436670687575392
0.4704463208685163	0.03618817852834741	0.07478890229191798	0.41857659831121835
0.8890229191797346	0.0024125452352231603	0.039806996381182146	0.06875753920386007
0.9384800965018094	0.0	0.05307599517490953	0.008443908323281062
0.058465286236297195	0.01705237515225335	0.807551766138855	0.11693057247259439
0.35830212234706615	0.0299625468164794	0.15480649188514356	0.45692883895131087

MOTIF filter16
letter-probability matrix: alength= 4 w= 16 
0.0547945205479452	0.0	0.8610567514677103	0.08414872798434442
0.21663442940038685	0.11992263056092843	0.47195357833655704	0.19148936170212766
0.5319926873857403	0.02010968921389397	0.4405850091407678	0.007312614259597806
0.021937842778793418	0.1206581352833638	0.8574040219378428	0.0
0.010968921389396709	0.37842778793418647	0.5356489945155393	0.07495429616087751
0.7751371115173674	0.003656307129798903	0.08409506398537477	0.13711151736745886
0.56672760511883	0.09506398537477148	0.005484460694698354	0.3327239488117002
0.6288848263254113	0.16819012797074953	0.1736745886654479	0.029250457038391225
0.012797074954296161	0.8848263254113345	0.016453382084095063	0.08592321755027423
0.09872029250457039	0.5703839122486288	0.15356489945155394	0.1773308957952468
0.5319926873857403	0.04936014625228519	0.15173674588665448	0.26691042047531993
0.04021937842778794	0.15173674588665448	0.6617915904936015	0.14625228519195613
0.15173674588665448	0.07495429616087751	0.6160877513711152	0.15722120658135283
0.014652014652014652	0.005494505494505495	0.46153846153846156	0.5183150183150184
0.11009174311926606	0.01834862385321101	0.5247706422018349	0.3467889908256881
0.6322701688555347	0.005628517823639775	0.24202626641651032	0.1200750469043152

MOTIF filter17
letter-probability matrix: alength= 4 w= 16 
0.08770764119601329	0.003986710963455149	0.6465116279069767	0.26179401993355483
0.32741617357001973	0.07034845496383958	0.15055884286653518	0.4516765285996055
0.10979618671926364	0.013149243918474688	0.8652202498356345	0.011834319526627219
0.009861932938856016	0.011834319526627219	0.1702827087442472	0.8080210387902695
0.03287310979618672	0.17094017094017094	0.1531886916502301	0.6429980276134122
0.05654174884944116	0.13280736357659434	0.29914529914529914	0.5115055884286653
0.04865220249835635	0.1932938856015779	0.6541748849441157	0.10387902695595003
0.13543721236028927	0.30309007232084156	0.36817882971729127	0.1932938856015779
0.1472715318869165	0.34516765285996054	0.4049967126890204	0.10256410256410256
0.028928336620644313	0.23800131492439186	0.05851413543721236	0.6745562130177515
0.8560157790927022	0.03155818540433925	0.012491781722550954	0.09993425378040763
0.19407894736842105	0.175	0.35	0.28092105263157896
0.6073781291172595	0.09486166007905138	0.2615283267457181	0.036231884057971016
0.24900924702774108	0.0033025099075297227	0.6063408190224571	0.14134742404227213
0.24651162790697675	0.4053156146179402	0.2950166112956811	0.053156146179401995
0.05770536320434488	0.09029192124915139	0.7399864222674813	0.1120162932790224

MOTIF filter18
letter-probability matrix: alength= 4 w= 16 
0.8765264586160109	0.008819538670284939	0.11194029850746269	0.0027137042062415195
0.09633649932157395	0.004070556309362279	0.8324287652645862	0.06716417910447761
0.5264586160108549	0.05698778833107191	0.25780189959294436	0.1587516960651289
0.050203527815468114	0.578697421981004	0.20352781546811397	0.16757123473541383
0.014925373134328358	0.6295793758480326	0.0780189959294437	0.2774762550881954
0.0067842605156037995	0.8127544097693351	0.12618724559023067	0.054274084124830396
0.057666214382632294	0.5373134328358209	0.3473541383989145	0.057666214382632294
0.1350067842605156	0.10854816824966079	0.5101763907734057	0.2462686567164179
0.04341926729986431	0.0101763907734057	0.7340569877883311	0.21234735413839892
0.2672998643147897	0.36906377204884666	0.08819538670284939	0.27544097693351427
0.330393487109905	0.016282225237449117	0.60719131614654	0.04613297150610583
0.5607603530210454	0.07535641547861507	0.028513238289205704	0.33536999321113375
0.1710794297352342	0.08078750848608282	0.4460285132382892	0.30210454854039376
0.549286199864038	0.3711760707002039	0.009517335146159076	0.07002039428959891
0.07792207792207792	0.041695146958304855	0.39097744360902253	0.4894053315105947
0.5359385903698535	0.04954640614096301	0.030006978367062107	0.3845080251221214

MOTIF filter19
letter-probability matrix: alength= 4 w= 16 
0.45686900958466453	0.012779552715654952	0.20766773162939298	0.3226837060702875
0.2147239263803681	0.15337423312883436	0.4263803680981595	0.20552147239263804
0.06363636363636363	0.006060606060606061	0.7727272727272727	0.15757575757575756
0.24773413897280966	0.08157099697885196	0.5921450151057401	0.07854984894259819
0.540785498489426	0.012084592145015106	0.37462235649546827	0.07250755287009064
0.2990936555891239	0.2598187311178248	0.1268882175226586	0.31419939577039274
0.2084592145015106	0.2326283987915408	0.11782477341389729	0.44108761329305135
0.9093655589123867	0.0	0.006042296072507553	0.08459214501510574
0.338368580060423	0.03323262839879154	0.0	0.6283987915407855
0.0030211480362537764	0.02416918429003021	0.8096676737160121	0.16314199395770393
0.0030211480362537764	0.0	0.9969788519637462	0.0
0.00906344410876133	0.0030211480362537764	0.9848942598187311	0.0030211480362537764
0.6616314199395771	0.02416918429003021	0.09667673716012085	0.2175226586102719
0.524390243902439	0.0975609756097561	0.12195121951219512	0.25609756097560976
0.7247706422018348	0.17737003058103976	0.039755351681957186	0.0581039755351682
0.3018867924528302	0.11006289308176101	0.1949685534591195	0.39308176100628933

MOTIF filter20
letter-probability matrix: alength= 4 w= 16 
0.3973509933774834	0.5579470198675497	0.019867549668874173	0.024834437086092714
0.3379254457050243	0.3841166936790924	0.023500810372771474	0.2544570502431118
0.2098865478119935	0.5324149108589952	0.21150729335494328	0.046191247974068074
0.42857142857142855	0.3830806065442937	0.011971268954509178	0.17637669592976857
0.21787709497206703	0.16121308858739025	0.6169193934557063	0.0039904229848363925
0.4022346368715084	0.461292897047087	0.07741420590582601	0.05905826017557861
0.664804469273743	0.09896249002394254	0.22106943335993615	0.015163607342378291
0.09497206703910614	0.0015961691939345571	0.7940941739824421	0.10933758978451716
0.7717478052673583	0.0023942537909018356	0.03830806065442937	0.18754988028731046
0.6719872306464485	0.007182761372705506	0.19952114924181963	0.12130885873902633
0.18515562649640863	0.22106943335993615	0.2122905027932961	0.38148443735035914
0.00558659217877095	0.4509177972865124	0.3854748603351955	0.15802075019952114
0.0111731843575419	0.9257781324820431	0.0446927374301676	0.018355945730247406
0.14630225080385853	0.6663987138263665	0.1342443729903537	0.05305466237942122
0.5245098039215687	0.07026143790849673	0.3006535947712418	0.10457516339869281
0.41830624465355004	0.11804961505560307	0.16424294268605646	0.2994011976047904

MOTIF filter21
letter-probability matrix: alength= 4 w= 16 
0.12396694214876033	0.0	0.8732782369146006	0.0027548209366391185
0.0013774104683195593	0.0	0.9986225895316805	0.0
0.0013774104683195593	0.0	0.9972451790633609	0.0013774104683195593
0.0	0.0	0.9986225895316805	0.0013774104683195593
0.005509641873278237	0.0	0.9683195592286501	0.026170798898071626
0.0674931129476584	0.16115702479338842	0.640495867768595	0.13085399449035812
0.45179063360881544	0.05096418732782369	0.41597796143250687	0.081267217630854
0.24380165289256198	0.1487603305785124	0.03581267217630854	0.571625344352617
0.15151515151515152	0.18732782369146006	0.39944903581267216	0.26170798898071623
0.26859504132231404	0.2534435261707989	0.34710743801652894	0.13085399449035812
0.22176308539944903	0.2975206611570248	0.33884297520661155	0.1418732782369146
0.2828854314002829	0.3451202263083451	0.14285714285714285	0.22913719943422914
0.30994152046783624	0.34502923976608185	0.09649122807017543	0.24853801169590642
0.39759036144578314	0.13102409638554216	0.23042168674698796	0.24096385542168675
0.31155015197568386	0.14285714285714285	0.4148936170212766	0.13069908814589665
0.3168469860896445	0.08809891808346214	0.517774343122102	0.07727975270479134

MOTIF filter22
letter-probability matrix: alength= 4 w= 16 
0.008771929824561403	0.0	0.9824561403508771	0.008771929824561403
0.0	0.0	1.0	0.0
0.008771929824561403	0.0	0.9912280701754386	0.0
0.2807017543859649	0.0	0.7192982456140351	0.0
0.868421052631579	0.043859649122807015	0.02631578947368421	0.06140350877192982
0.6140350877192983	0.16666666666666666	0.017543859649122806	0.20175438596491227
0.41228070175438597	0.23684210526315788	0.05263157894736842	0.2982456140350877
0.5175438596491229	0.2543859649122807	0.043859649122807015	0.18421052631578946
0.2631578947368421	0.21929824561403508	0.05263157894736842	0.4649122807017544
0.43859649122807015	0.15789473684210525	0.12280701754385964	0.2807017543859649
0.24561403508771928	0.20175438596491227	0.2894736842105263	0.2631578947368421
0.11403508771929824	0.017543859649122806	0.8157894736842105	0.05263157894736842
0.02631578947368421	0.043859649122807015	0.8596491228070176	0.07017543859649122
0.10526315789473684	0.06140350877192982	0.7543859649122807	0.07894736842105263
0.19298245614035087	0.008771929824561403	0.6754385964912281	0.12280701754385964
0.2543859649122807	0.0	0.631578947368421	0.11403508771929824

MOTIF filter23
letter-probability matrix: alength= 4 w= 16 
0.35	0.5080357142857143	0.06160714285714286	0.08035714285714286
0.044642857142857144	0.0026785714285714286	0.47410714285714284	0.4785714285714286
0.32767857142857143	0.22142857142857142	0.20625	0.24464285714285713
0.02142857142857143	0.7633928571428571	0.017857142857142856	0.19732142857142856
0.21517857142857144	0.325	0.1419642857142857	0.31785714285714284
0.10178571428571428	0.4080357142857143	0.23839285714285716	0.2517857142857143
0.045535714285714284	0.6758928571428572	0.14910714285714285	0.12946428571428573
0.14821428571428572	0.12678571428571428	0.6008928571428571	0.12410714285714286
0.11696428571428572	0.13214285714285715	0.019642857142857142	0.73125
0.3794642857142857	0.3607142857142857	0.0375	0.22232142857142856
0.7125	0.06428571428571428	0.033035714285714286	0.19017857142857142
0.2857142857142857	0.16875	0.42142857142857143	0.12410714285714286
0.93125	0.009821428571428571	0.038392857142857145	0.020535714285714286
0.9857142857142858	0.0	0.0026785714285714286	0.011607142857142858
0.33783783783783783	0.46936936936936935	0.03153153153153153	0.16126126126126125
0.5973904939422181	0.0130475302889096	0.19757688723205966	0.19198508853681268

MOTIF filter24
letter-probability matrix: alength= 4 w= 16 
0.2888595332452664	0.2056362835755174	0.43064729194187584	0.07485689123734038
0.11904761904761904	0.003896103896103896	0.8670995670995671	0.009956709956709957
0.5999144201968335	0.07103123662815576	0.196405648267009	0.1326486949080017
0.5053214133673903	0.023839931885908897	0.20136228182205193	0.26947637292464877
0.38680851063829785	0.19617021276595745	0.16085106382978723	0.2561702127659575
0.3753191489361702	0.001702127659574468	0.5093617021276595	0.11361702127659574
0.26170212765957446	0.00425531914893617	0.6353191489361703	0.09872340425531916
0.48127659574468085	0.03361702127659574	0.40425531914893614	0.08085106382978724
0.13361702127659575	0.000425531914893617	0.816595744680851	0.04936170212765958
0.3080851063829787	0.0	0.020851063829787235	0.671063829787234
0.7263829787234043	0.09148936170212765	0.1723404255319149	0.00978723404255319
0.47914893617021276	0.004680851063829788	0.27702127659574466	0.23914893617021277
0.8070698466780238	0.02385008517887564	0.12393526405451448	0.04514480408858603
0.324254215304799	0.32511889321227844	0.16731517509727625	0.18331171638564633
0.10433244916003537	0.11229000884173299	0.3240495137046861	0.4593280282935455
0.23948811700182815	0.47714808043875684	0.2522851919561243	0.031078610603290677

MOTIF filter25
letter-probability matrix: alength= 4 w= 16 
0.0918580375782881	0.04592901878914405	0.7494780793319415	0.1127348643006263
0.20876826722338204	0.1127348643006263	0.12526096033402923	0.5532359081419624
0.48643006263048016	0.05010438413361169	0.1544885177453027	0.3089770354906054
0.014613778705636743	0.7306889352818372	0.008350730688935281	0.24634655532359082
0.16910229645093947	0.407098121085595	0.11899791231732777	0.3048016701461378
0.1022964509394572	0.008350730688935281	0.4759916492693111	0.4133611691022965
0.9331941544885177	0.006263048016701462	0.05845511482254697	0.0020876826722338203
0.6367432150313153	0.07724425887265135	0.006263048016701462	0.2797494780793319
0.6764091858037579	0.09394572025052192	0.04175365344467641	0.18789144050104384
0.5887265135699373	0.21711899791231734	0.13569937369519833	0.05845511482254697
0.18997912317327767	0.5553235908141962	0.17118997912317327	0.08350730688935282
0.018789144050104383	0.569937369519833	0.34029227557411273	0.0709812108559499
0.5887265135699373	0.12317327766179541	0.15866388308977036	0.12943632567849686
0.11691022964509394	0.1127348643006263	0.031315240083507306	0.7390396659707724
0.056485355648535567	0.008368200836820083	0.8138075313807531	0.12133891213389121
0.20253164556962025	0.008438818565400843	0.7784810126582279	0.010548523206751054

MOTIF filter26
letter-probability matrix: alength= 4 w= 16 
0.9642857142857143	0.005952380952380952	0.027777777777777776	0.001984126984126984
0.4713493530499076	0.06284658040665435	0.39926062846580407	0.066543438077634
0.14417744916820702	0.0	0.8558225508317929	0.0
0.04251386321626617	0.0	0.9574861367837338	0.0
0.0073937153419593345	0.0	0.9926062846580407	0.0
0.8761552680221811	0.0	0.02033271719038817	0.10351201478743069
0.43068391866913125	0.036968576709796676	0.0	0.532347504621072
0.1756007393715342	0.03512014787430684	0.678373382624769	0.11090573012939002
0.22365988909426987	0.053604436229205174	0.5822550831792976	0.14048059149722736
0.48428835489833644	0.07208872458410351	0.32162661737523107	0.12199630314232902
0.41404805914972276	0.038817005545286505	0.3419593345656192	0.20517560073937152
0.24259259259259258	0.08703703703703704	0.48333333333333334	0.18703703703703703
0.3121495327102804	0.17196261682242991	0.34766355140186916	0.16822429906542055
0.22495274102079396	0.21739130434782608	0.40264650283553877	0.15500945179584122
0.44656488549618323	0.12213740458015267	0.3416030534351145	0.08969465648854962
0.30218687872763417	0.09343936381709742	0.33001988071570576	0.27435387673956263

MOTIF filter27
letter-probability matrix: alength= 4 w= 16 
0.5686900958466453	0.2108626198083067	0.13099041533546327	0.08945686900958466
0.12140575079872204	0.006389776357827476	0.7987220447284346	0.07348242811501597
0.7984293193717278	0.013089005235602094	0.10209424083769633	0.08638743455497382
0.1544502617801047	0.02356020942408377	0.806282722513089	0.015706806282722512
0.2905759162303665	0.1518324607329843	0.46596858638743455	0.09162303664921466
0.002617801047120419	0.599476439790576	0.34293193717277487	0.0549738219895288
0.0	0.680628272251309	0.31151832460732987	0.007853403141361256
0.0	0.1099476439790576	0.8324607329842932	0.05759162303664921
0.0	0.10209424083769633	0.8979057591623036	0.0
0.0	0.06282722513089005	0.9214659685863874	0.015706806282722512
0.0	0.23298429319371727	0.7539267015706806	0.013089005235602094
0.007853403141361256	0.5314136125654451	0.450261780104712	0.010471204188481676
0.09973753280839895	0.45144356955380577	0.4146981627296588	0.03412073490813648
0.12834224598930483	0.1657754010695187	0.5106951871657754	0.19518716577540107
0.19346049046321526	0.4305177111716621	0.2098092643051771	0.16621253405994552
0.12222222222222222	0.3055555555555556	0.3138888888888889	0.25833333333333336

MOTIF filter28
letter-probability matrix: alength= 4 w= 16 
0.18333333333333332	0.0	0.775	0.041666666666666664
0.0	0.03333333333333333	0.9666666666666667	0.0
0.008333333333333333	0.008333333333333333	0.9833333333333333	0.0
0.03333333333333333	0.19166666666666668	0.725	0.05
0.1	0.016666666666666666	0.85	0.03333333333333333
0.8333333333333334	0.08333333333333333	0.016666666666666666	0.06666666666666667
0.5916666666666667	0.03333333333333333	0.0	0.375
0.125	0.06666666666666667	0.7416666666666667	0.06666666666666667
0.11666666666666667	0.041666666666666664	0.8333333333333334	0.008333333333333333
0.5583333333333333	0.11666666666666667	0.25	0.075
0.7833333333333333	0.016666666666666666	0.10833333333333334	0.09166666666666666
0.36666666666666664	0.06666666666666667	0.26666666666666666	0.3
0.4083333333333333	0.3333333333333333	0.19166666666666668	0.06666666666666667
0.5210084033613446	0.025210084033613446	0.06722689075630252	0.3865546218487395
0.5	0.2413793103448276	0.0603448275862069	0.19827586206896552
0.5982142857142857	0.008928571428571428	0.23214285714285715	0.16071428571428573

MOTIF filter29
letter-probability matrix: alength= 4 w= 16 
0.102	0.646	0.128	0.124
0.049800796812749	0.14143426294820718	0.20318725099601595	0.6055776892430279
0.26601941747572816	0.21553398058252426	0.22718446601941747	0.2912621359223301
0.31226053639846746	0.36398467432950193	0.22030651340996169	0.10344827586206896
0.6146616541353384	0.15977443609022557	0.18421052631578946	0.041353383458646614
0.10986964618249534	0.1527001862197393	0.7355679702048417	0.00186219739292365
0.1973929236499069	0.13966480446927373	0.6610800744878957	0.00186219739292365
0.00558659217877095	0.01303538175046555	0.9813780260707635	0.0
0.0186219739292365	0.0037243947858473	0.9702048417132216	0.0074487895716946
0.06890130353817504	0.0856610800744879	0.6964618249534451	0.148975791433892
0.26256983240223464	0.05772811918063315	0.4618249534450652	0.21787709497206703
0.5810055865921788	0.12476722532588454	0.12849162011173185	0.16573556797020483
0.7877094972067039	0.054003724394785846	0.0148975791433892	0.14338919925512103
0.8230912476722533	0.03910614525139665	0.00931098696461825	0.12849162011173185
0.6384180790960452	0.19397363465160075	0.0903954802259887	0.07721280602636535
0.3346613545816733	0.1693227091633466	0.02390438247011952	0.4721115537848606

MOTIF filter30
letter-probability matrix: alength= 4 w= 16 
0.6974169741697417	0.0	0.3025830258302583	0.0
0.09424724602203183	0.03427172582619339	0.4724602203182375	0.3990208078335373
0.2751196172248804	0.0	0.5418660287081339	0.18301435406698566
0.06578947368421052	0.0011961722488038277	0.7882775119617225	0.14473684210526316
0.12081339712918661	0.10885167464114832	0.7476076555023924	0.022727272727272728
0.6758373205741627	0.07057416267942583	0.19856459330143542	0.05502392344497608
0.48444976076555024	0.11363636363636363	0.36004784688995217	0.041866028708133975
0.21889952153110048	0.12081339712918661	0.42105263157894735	0.23923444976076555
0.7763157894736842	0.15311004784688995	0.0011961722488038277	0.06937799043062201
0.1722488038277512	0.43899521531100477	0.06339712918660287	0.3253588516746411
0.07416267942583732	0.02751196172248804	0.5322966507177034	0.3660287081339713
0.025119617224880382	0.23086124401913877	0.20574162679425836	0.5382775119617225
0.2607655502392344	0.0011961722488038277	0.061004784688995214	0.6770334928229665
0.41985645933014354	0.0645933014354067	0.23564593301435408	0.2799043062200957
0.019300361881785282	0.06996381182147166	0.8154402895054282	0.09529553679131483
0.07334963325183375	0.03178484107579462	0.8545232273838631	0.040342298288508556

MOTIF filter31
letter-probability matrix: alength= 4 w= 16 
0.767816091954023	0.0022988505747126436	0.20919540229885059	0.020689655172413793
0.23956043956043957	0.3824175824175824	0.26153846153846155	0.11648351648351649
0.02412280701754386	0.0	0.9714912280701754	0.0043859649122807015
0.10307017543859649	0.0043859649122807015	0.7412280701754386	0.1513157894736842
0.5942982456140351	0.03728070175438596	0.09429824561403509	0.2741228070175439
0.25877192982456143	0.36403508771929827	0.2149122807017544	0.16228070175438597
0.10964912280701754	0.2850877192982456	0.4758771929824561	0.12938596491228072
0.9890350877192983	0.0043859649122807015	0.0043859649122807015	0.0021929824561403508
0.23464912280701755	0.5219298245614035	0.015350877192982455	0.22807017543859648
0.19078947368421054	0.20614035087719298	0.543859649122807	0.05921052631578947
0.3442982456140351	0.3991228070175439	0.2236842105263158	0.03289473684210526
0.4451754385964912	0.11842105263157894	0.4144736842105263	0.021929824561403508
