MEME version 4

ALPHABET= ACGU

strands: + -

Background letter frequencies
A 0.25 C 0.25 G 0.25 U 0.25

MOTIF filter0
letter-probability matrix: alength= 4 w= 16 
0.059474412171507604	0.13001383125864455	0.5767634854771784	0.23374827109266944
0.06915629322268327	0.6639004149377593	0.02627939142461964	0.24066390041493776
0.5230566534914362	0.13965744400527008	0.09354413702239789	0.2437417654808959
0.12384716732542819	0.3241106719367589	0.383399209486166	0.1686429512516469
0.19499341238471674	0.52832674571805	0.20948616600790515	0.06719367588932806
0.1116951379763469	0.4007884362680683	0.4244415243101183	0.06307490144546649
0.29172141918528255	0.22864651773981604	0.36662286465177396	0.11300919842312747
0.6005256241787122	0.09855453350854139	0.0735873850197109	0.22733245729303547
0.30223390275952694	0.5611038107752957	0.09855453350854139	0.03810775295663601
0.23653088042049936	0.19710906701708278	0.2614980289093298	0.30486202365308807
0.4375821287779238	0.10775295663600526	0.1721419185282523	0.28252299605781866
0.0	0.0	0.9934296977660972	0.006570302233902759
0.013140604467805518	0.961892247043364	0.005256241787122208	0.01971090670170828
0.0	0.0	1.0	0.0
0.032	0.7186666666666667	0.164	0.08533333333333333
0.34965034965034963	0.16923076923076924	0.03496503496503497	0.4461538461538462

MOTIF filter1
letter-probability matrix: alength= 4 w= 16 
0.8901639344262295	0.02622950819672131	0.04426229508196721	0.03934426229508197
0.2829581993569132	0.022508038585209004	0.38102893890675243	0.3135048231511254
0.5244865718799369	0.02527646129541864	0.09004739336492891	0.36018957345971564
0.7584615384615384	0.018461538461538463	0.20461538461538462	0.018461538461538463
0.06923076923076923	0.05692307692307692	0.8446153846153847	0.02923076923076923
0.14923076923076922	0.07846153846153846	0.68	0.09230769230769231
0.036923076923076927	0.5907692307692308	0.16923076923076924	0.20307692307692307
0.04923076923076923	0.5723076923076923	0.3169230769230769	0.06153846153846154
0.42	0.1476923076923077	0.04923076923076923	0.3830769230769231
0.17384615384615384	0.2953846153846154	0.2692307692307692	0.26153846153846155
0.12923076923076923	0.12615384615384614	0.7353846153846154	0.009230769230769232
0.004615384615384616	0.18	0.046153846153846156	0.7692307692307693
0.052307692307692305	0.8830769230769231	0.006153846153846154	0.05846153846153846
0.14153846153846153	0.7692307692307693	0.009230769230769232	0.08
0.17480314960629922	0.44881889763779526	0.11338582677165354	0.262992125984252
0.15645161290322582	0.3258064516129032	0.08387096774193549	0.4338709677419355

MOTIF filter2
letter-probability matrix: alength= 4 w= 16 
0.12373333333333333	0.43893333333333334	0.4298666666666667	0.007466666666666667
0.09888357256778309	0.7942583732057417	0.09941520467836257	0.007442849548112706
0.11636556854410202	0.6275239107332625	0.2332624867162593	0.022848034006376194
0.6313581541688515	0.27372836916622967	0.06712113266911379	0.02779234399580493
0.0681699003670687	0.11798636601992658	0.8033560566334557	0.01048767697954903
0.32564237021499737	0.303093864708967	0.3471421080230729	0.024121657052962767
0.3848977451494494	0.22758259045621396	0.38542212899842687	0.002097535395909806
0.050340849501835344	0.47509176717357104	0.3534347142108023	0.1211326691137913
0.02149973780807551	0.6455165180912428	0.32564237021499737	0.007341373885684321
0.03932878867330886	0.5647614053487152	0.37126376507603565	0.02464604090194022
0.11431567907708443	0.6329313057157839	0.2034609334032512	0.04929208180388044
0.5997899159663865	0.07352941176470588	0.2605042016806723	0.0661764705882353
0.28601472134595163	0.08096740273396424	0.45320715036803366	0.17981072555205047
0.6142857142857143	0.04285714285714286	0.28095238095238095	0.06190476190476191
0.11600429645542427	0.1573576799140709	0.5832438238453276	0.14339419978517723
0.35201793721973096	0.061659192825112105	0.45403587443946186	0.13228699551569506

MOTIF filter3
letter-probability matrix: alength= 4 w= 16 
0.09736632083000799	0.174780526735834	0.6520351157222666	0.07581803671189145
0.17265625	0.278125	0.42265625	0.1265625
0.41276911655530807	0.170007423904974	0.3110616184112843	0.10616184112843356
0.49818181818181817	0.11854545454545455	0.2690909090909091	0.11418181818181818
0.27854545454545454	0.07054545454545455	0.35563636363636364	0.2952727272727273
0.5444043321299639	0.27653429602888085	0.0815884476534296	0.09747292418772563
0.6027201145311382	0.01789549033643522	0.3786685755189692	0.0007158196134574087
0.18611309949892627	0.05010737294201861	0.5805297065139585	0.18324982104509663
0.5898353614889048	0.03937007874015748	0.06943450250536864	0.3013600572655691
0.8045812455261274	0.023622047244094488	0.02219040801717967	0.14960629921259844
0.651395848246242	0.010737294201861132	0.14316392269148176	0.19470293486041518
0.9634931997136722	0.0	0.002863278453829635	0.03364352183249821
0.22333571939871152	0.06084466714387974	0.18396564065855406	0.5318539727988547
0.9992836676217765	0.0	0.0	0.0007163323782234957
0.24185372918175235	0.10137581462708183	0.6075307748008689	0.049239681390296886
0.4674074074074074	0.027407407407407408	0.3348148148148148	0.17037037037037037

MOTIF filter4
letter-probability matrix: alength= 4 w= 16 
0.21011673151750973	0.007782101167315175	0.5136186770428015	0.26848249027237353
0.26848249027237353	0.011673151750972763	0.054474708171206226	0.6653696498054474
0.3035019455252918	0.0	0.08560311284046693	0.6108949416342413
0.058365758754863814	0.0	0.007782101167315175	0.933852140077821
0.14007782101167315	0.0	0.007782101167315175	0.8521400778210116
0.27626459143968873	0.0	0.14396887159533073	0.5797665369649806
0.15953307392996108	0.0	0.16342412451361868	0.6770428015564203
0.13229571984435798	0.01556420233463035	0.08949416342412451	0.7626459143968871
0.09727626459143969	0.0	0.8482490272373541	0.054474708171206226
0.28793774319066145	0.08171206225680934	0.038910505836575876	0.5914396887159533
0.36964980544747084	0.1828793774319066	0.12840466926070038	0.31906614785992216
0.5992217898832685	0.0038910505836575876	0.2607003891050584	0.13618677042801555
0.0038910505836575876	0.08560311284046693	0.07003891050583658	0.8404669260700389
0.6015625	0.03125	0.140625	0.2265625
0.06274509803921569	0.1450980392156863	0.2901960784313726	0.5019607843137255
0.3140495867768595	0.17355371900826447	0.34710743801652894	0.1652892561983471

MOTIF filter5
letter-probability matrix: alength= 4 w= 16 
0.44550669216061184	0.24091778202676864	0.13001912045889102	0.1835564053537285
0.1844106463878327	0.344106463878327	0.19011406844106463	0.2813688212927757
0.5157116451016636	0.13493530499075784	0.15526802218114602	0.19408502772643252
0.3826247689463956	0.1756007393715342	0.19038817005545286	0.2513863216266174
0.3456561922365989	0.22920517560073936	0.011090573012939002	0.41404805914972276
0.1922365988909427	0.3844731977818854	0.0018484288354898336	0.4214417744916821
0.23475046210720887	0.07208872458410351	0.0073937153419593345	0.6857670979667283
0.23290203327171904	0.5619223659889094	0.04805914972273567	0.15711645101663585
0.24399260628465805	0.053604436229205174	0.10905730129390019	0.5933456561922366
0.9463955637707948	0.0	0.03512014787430684	0.018484288354898338
0.744916820702403	0.04066543438077634	0.012939001848428836	0.20147874306839186
0.04621072088724584	0.24584103512014788	0.005545286506469501	0.7024029574861368
0.0	0.029574861367837338	0.0	0.9704251386321626
0.0	0.014787430683918669	0.0	0.9852125693160814
0.13382899628252787	0.22490706319702602	0.007434944237918215	0.6338289962825279
0.3807615230460922	0.06212424849699399	0.14829659318637275	0.4088176352705411

MOTIF filter6
letter-probability matrix: alength= 4 w= 16 
0.13606911447084233	0.652267818574514	0.11231101511879049	0.09935205183585313
0.11447084233261338	0.4946004319654428	0.31101511879049676	0.07991360691144708
0.21120689655172414	0.6142241379310345	0.07112068965517242	0.10344827586206896
0.1810344827586207	0.4482758620689655	0.20689655172413793	0.16379310344827586
0.14870689655172414	0.5581896551724138	0.12931034482758622	0.16379310344827586
0.17672413793103448	0.5625	0.1939655172413793	0.0668103448275862
0.16594827586206898	0.5043103448275862	0.16594827586206898	0.16379310344827586
0.09698275862068965	0.6077586206896551	0.2435344827586207	0.05172413793103448
0.021551724137931036	0.8556034482758621	0.01939655172413793	0.10344827586206896
0.023706896551724137	0.9310344827586207	0.040948275862068964	0.004310344827586207
0.03017241379310345	0.8081896551724138	0.00646551724137931	0.15517241379310345
0.12284482758620689	0.8577586206896551	0.008620689655172414	0.010775862068965518
0.10344827586206896	0.7004310344827587	0.021551724137931036	0.17456896551724138
0.34051724137931033	0.5323275862068966	0.021551724137931036	0.10560344827586207
0.010822510822510822	0.8095238095238095	0.025974025974025976	0.15367965367965367
0.23516483516483516	0.6087912087912087	0.13186813186813187	0.024175824175824177

MOTIF filter7
letter-probability matrix: alength= 4 w= 16 
0.4280104712041885	0.04712041884816754	0.39659685863874344	0.12827225130890052
0.3177914110429448	0.0392638036809816	0.4699386503067485	0.17300613496932515
0.4234016887816647	0.15319662243667068	0.3474065138721351	0.07599517490952955
0.47511848341232227	0.3009478672985782	0.17417061611374407	0.04976303317535545
0.26004728132387706	0.5650118203309693	0.17494089834515367	0.0
0.3983451536643026	0.30141843971631205	0.28841607565011823	0.01182033096926714
0.49705535924617195	0.2226148409893993	0.12249705535924617	0.15783274440518258
0.4134275618374558	0.05535924617196702	0.43934040047114253	0.09187279151943463
0.020023557126030624	0.2921083627797409	0.6831566548881036	0.004711425206124852
0.0	0.9823321554770318	0.0176678445229682	0.0
0.33451118963486454	0.6431095406360424	0.02237926972909305	0.0
0.7868080094228505	0.012956419316843345	0.0	0.20023557126030625
0.005889281507656066	0.7597173144876325	0.05418138987043581	0.18021201413427562
0.7314487632508834	0.12838633686690223	0.14016489988221437	0.0
0.08037825059101655	0.35815602836879434	0.524822695035461	0.03664302600472813
0.3264812575574365	0.07496977025392987	0.5731559854897219	0.02539298669891173

MOTIF filter8
letter-probability matrix: alength= 4 w= 16 
0.551622418879056	0.20206489675516223	0.23303834808259588	0.01327433628318584
0.7522123893805309	0.14749262536873156	0.10029498525073746	0.0
0.9100294985250738	0.0	0.08849557522123894	0.0014749262536873156
0.019174041297935103	0.0	0.02654867256637168	0.9542772861356932
0.007374631268436578	0.0	0.0	0.9926253687315634
0.038348082595870206	0.0	0.008849557522123894	0.9528023598820059
0.11946902654867257	0.0	0.11504424778761062	0.7654867256637168
0.5088495575221239	0.0	0.3392330383480826	0.15191740412979352
0.23008849557522124	0.24926253687315633	0.3584070796460177	0.16224188790560473
0.038348082595870206	0.3687315634218289	0.4557522123893805	0.13716814159292035
0.12684365781710916	0.5103244837758112	0.2861356932153392	0.07669616519174041
0.3230088495575221	0.3200589970501475	0.2640117994100295	0.09292035398230089
0.3421828908554572	0.20648967551622419	0.12536873156342182	0.32595870206489674
0.23887240356083086	0.3249258160237389	0.20029673590504452	0.23590504451038577
0.23916292974588937	0.2914798206278027	0.312406576980568	0.15695067264573992
0.2678843226788432	0.2983257229832572	0.3439878234398782	0.0898021308980213

MOTIF filter9
letter-probability matrix: alength= 4 w= 16 
0.26635514018691586	0.5124610591900312	0.06697819314641744	0.1542056074766355
0.003115264797507788	0.34735202492211836	0.07165109034267912	0.5778816199376947
0.3052959501557632	0.07009345794392523	0.3177570093457944	0.3068535825545171
0.5124610591900312	0.205607476635514	0.0514018691588785	0.23052959501557632
0.42679127725856697	0.4174454828660436	0.001557632398753894	0.1542056074766355
0.11838006230529595	0.4127725856697819	0.024922118380062305	0.4439252336448598
0.11993769470404984	0.5700934579439252	0.01557632398753894	0.29439252336448596
0.2897196261682243	0.024922118380062305	0.03426791277258567	0.6510903426791277
0.5233644859813084	0.14485981308411214	0.3161993769470405	0.01557632398753894
0.8193146417445483	0.0	0.17133956386292834	0.009345794392523364
0.5202492211838006	0.009345794392523364	0.470404984423676	0.0
0.3956386292834891	0.06697819314641744	0.5249221183800623	0.012461059190031152
0.08255451713395638	0.43613707165109034	0.4236760124610592	0.05763239875389408
0.0	0.9003115264797508	0.014018691588785047	0.08566978193146417
0.001567398119122257	0.2727272727272727	0.0	0.725705329153605
0.20616883116883117	0.011363636363636364	0.2694805194805195	0.512987012987013

MOTIF filter10
letter-probability matrix: alength= 4 w= 16 
0.2822822822822823	0.13063063063063063	0.5645645645645646	0.02252252252252252
0.19290780141843972	0.011347517730496455	0.7361702127659574	0.059574468085106386
0.005673758865248227	0.018439716312056736	0.9687943262411347	0.0070921985815602835
0.018439716312056736	0.04964539007092199	0.9163120567375886	0.015602836879432624
0.18865248226950354	0.08652482269503546	0.6780141843971631	0.04680851063829787
0.2425531914893617	0.34609929078014184	0.2652482269503546	0.14609929078014183
0.014184397163120567	0.06666666666666667	0.9120567375886525	0.0070921985815602835
0.04113475177304964	0.011347517730496455	0.9475177304964539	0.0
0.6113475177304964	0.1347517730496454	0.17588652482269504	0.07801418439716312
0.37446808510638296	0.07234042553191489	0.5205673758865248	0.032624113475177303
0.18723404255319148	0.37446808510638296	0.3843971631205674	0.05390070921985816
0.03698435277382646	0.08677098150782361	0.6884779516358464	0.18776671408250356
0.3281027104136947	0.25962910128388017	0.1825962910128388	0.2296718972895863
0.22077922077922077	0.0836940836940837	0.6002886002886003	0.09523809523809523
0.29737609329446063	0.03644314868804665	0.5364431486880467	0.12973760932944606
0.18263473053892215	0.31736526946107785	0.3323353293413174	0.16766467065868262

MOTIF filter11
letter-probability matrix: alength= 4 w= 16 
0.07701283547257877	0.47024504084014	0.10501750291715285	0.34772462077012833
0.07034883720930232	0.05988372093023256	0.852906976744186	0.01686046511627907
0.04997094712376525	0.389308541545613	0.3091226031377106	0.2515979081929111
0.08483439860546194	0.5793143521208599	0.2608948285880302	0.07495642068564788
0.01568855316676351	0.5862870424171993	0.35851249273678093	0.039511911679256245
0.12144102266124346	0.13190005810575248	0.7437536316095293	0.002905287623474724
0.004648460197559558	0.42940151074956423	0.38756536897152816	0.17838466008134804
0.027309703660662404	0.4386984311446833	0.5148169668797211	0.01917489831493318
0.024985473561882625	0.4061592097617664	0.4340499709471238	0.1348053457292272
0.38698431144683326	0.09529343404997094	0.2515979081929111	0.2661243463102847
0.15398024404416036	0.05229517722254503	0.46135967460778615	0.3323649041255084
0.46368390470656595	0.018593840790238233	0.01568855316676351	0.5020337013364323
0.6812100058173357	0.1401977894124491	0.03781268179173938	0.14077952297847585
0.8714034057545508	0.01996476805637111	0.06517909571344686	0.04345273047563124
0.36929460580912865	0.1013633669235329	0.1890930646117368	0.34024896265560167
0.5830235439900867	0.1493184634448575	0.21499380421313508	0.052664188351920695

MOTIF filter12
letter-probability matrix: alength= 4 w= 16 
0.07008086253369272	0.20844564240790656	0.655884995507637	0.06558849955076371
0.23933855526544823	0.09486510008703221	0.46127067014795475	0.20452567449956485
0.1711092003439381	0.26741186586414445	0.2553740326741187	0.3061049011177988
0.4517766497461929	0.0194585448392555	0.39509306260575294	0.13367174280879865
0.07016060862214708	0.055790363482671176	0.3127641589180051	0.5612848689771767
0.044801352493660185	0.09636517328825021	0.5638207945900253	0.29501267962806427
0.10059171597633136	0.4243448858833474	0.4691462383770076	0.005917159763313609
0.0016906170752324597	0.2679628064243449	0.7235841081994928	0.006762468300929839
0.03296703296703297	0.3144547759932375	0.08453085376162299	0.5680473372781065
0.0	0.9628064243448858	0.0076077768385460695	0.029585798816568046
0.12003381234150465	0.6517328825021133	0.17075232459847844	0.057480980557903634
0.6990701606086221	0.024513947590870666	0.049873203719357564	0.2265426880811496
0.39391377852916315	0.009298393913778529	0.018596787827557058	0.5781910397295013
0.2580372250423012	0.04991539763113367	0.24450084602368866	0.44754653130287647
0.6962774957698815	0.0008460236886632825	0.2825719120135364	0.02030456852791878
0.156195462478185	0.4075043630017452	0.3795811518324607	0.056719022687609075

MOTIF filter13
letter-probability matrix: alength= 4 w= 16 
0.8745279060008393	0.0	0.027696181284095678	0.09777591271506504
0.0	0.9995803608896349	0.0	0.000419639110365086
0.000419639110365086	0.0	0.000839278220730172	0.9987410826689047
0.6861099454469156	0.18170373478808224	0.028115820394460762	0.10407049937054133
0.46999580360889637	0.12337389844733529	0.26017624842635334	0.14645404951741503
0.5736466638690726	0.04532102391942929	0.36130927402433904	0.019723038187159043
0.44313890054553084	0.01678556441460344	0.43138900545530845	0.10868652958455728
0.37935375577003777	0.2706672261854805	0.3063365505665128	0.043642467477968946
0.2912295425933697	0.4565673520772136	0.06420478388585817	0.18799832144355855
0.43726395300041965	0.19471254720939993	0.11498111624003357	0.25304238355014685
0.19261435165757448	0.5279060008392782	0.13680234997901805	0.14267729752412925
0.4154040404040404	0.14267676767676768	0.07744107744107744	0.36447811447811446
0.290732120186204	0.35251798561151076	0.1599661447312738	0.19678374947101143
0.13898450946643717	0.3326161790017212	0.2082616179001721	0.32013769363166955
0.3835794960903562	0.1993918331885317	0.18201563857515204	0.23501303214596003
0.12471655328798185	0.39773242630385486	0.291609977324263	0.18594104308390022

MOTIF filter14
letter-probability matrix: alength= 4 w= 16 
0.09421841541755889	0.7473233404710921	0.14775160599571735	0.010706638115631691
0.14767932489451477	0.740506329113924	0.0970464135021097	0.014767932489451477
0.47157894736842104	0.32	0.2	0.008421052631578947
0.7831325301204819	0.040160642570281124	0.07228915662650602	0.10441767068273092
0.25502008032128515	0.02208835341365462	0.6767068273092369	0.04618473895582329
0.8353413654618473	0.004016064257028112	0.15060240963855423	0.010040160642570281
0.05421686746987952	0.3714859437751004	0.5582329317269076	0.01606425702811245
0.12650602409638553	0.5160642570281124	0.3112449799196787	0.04618473895582329
0.002008032128514056	0.9598393574297188	0.006024096385542169	0.0321285140562249
0.5321285140562249	0.30120481927710846	0.15461847389558234	0.012048192771084338
0.018072289156626505	0.3634538152610442	0.15461847389558234	0.463855421686747
0.2606060606060606	0.3292929292929293	0.15555555555555556	0.2545454545454545
0.4666666666666667	0.19393939393939394	0.3212121212121212	0.01818181818181818
0.05273833671399594	0.12981744421906694	0.07910750507099391	0.7383367139959433
0.3231707317073171	0.5345528455284553	0.08739837398373984	0.054878048780487805
0.17954070981210857	0.5908141962421712	0.19206680584551147	0.037578288100208766

MOTIF filter15
letter-probability matrix: alength= 4 w= 16 
0.44484304932735425	0.08026905829596413	0.4623318385650224	0.012556053811659192
0.68380790480238	0.07904802379940501	0.19422014449638758	0.042923926901827454
0.7896783315659244	0.0007069635913750442	0.1954754330151997	0.014139271827500884
0.018734535171438672	0.07882644043831742	0.7903852951572994	0.1120537292329445
0.40402969247083775	0.042417815482502653	0.46482856132909156	0.08872393071756804
0.14457405443619653	0.012725344644750796	0.703428773418169	0.1392718275008837
0.3135383527748321	0.004595263343937788	0.6164722516790385	0.06539413220219159
0.03570166136443973	0.06327324142806645	0.8851184164015553	0.015906680805938492
0.3262636974195829	0.3022269353128314	0.3188405797101449	0.05266878755744079
0.662778366914104	0.08130081300813008	0.0862495581477554	0.16967126193001061
0.4015553199010251	0.264050901378579	0.19865676917638742	0.1357370095440085
0.37327677624602335	0.37681159420289856	0.19901025097207495	0.05090137857900318
0.07635206786850478	0.4517497348886532	0.45811240721102864	0.013785790031813362
0.14514407684098185	0.5072927783706865	0.31803628601921025	0.029526858769121308
0.33694083694083693	0.2702020202020202	0.11652236652236653	0.2763347763347763
0.03588605253422124	0.18017018128005918	0.6792452830188679	0.10469848316685165

MOTIF filter16
letter-probability matrix: alength= 4 w= 16 
0.5361321403991741	0.19064005505849965	0.11975223675154852	0.1534755677907777
0.5753613214039918	0.030970406056434963	0.2415691672401927	0.1520991052993806
0.9827942188575362	0.0	0.015829318651066758	0.0013764624913971094
0.0	1.0	0.0	0.0
0.0	0.0	0.0	1.0
0.8121128699242945	0.0006882312456985547	0.017894012388162423	0.16930488644184447
0.522367515485203	0.01032346868547832	0.18857536132140398	0.27873365450791465
0.565726083964212	0.030970406056434963	0.2339986235375086	0.16930488644184447
0.6847900894700619	0.03785271851342051	0.04679972470750172	0.23055746730901583
0.30144528561596695	0.1686166551961459	0.2587749483826566	0.27116311080523053
0.20715760495526497	0.24982794218857537	0.22298692360633174	0.32002752924982797
0.1713890808569454	0.20041465100207326	0.3033863165169316	0.32480995162404974
0.28710801393728225	0.24529616724738676	0.2731707317073171	0.19442508710801393
0.09007741027445461	0.29697396199859255	0.28993666432090076	0.3230119634060521
0.42714285714285716	0.13357142857142856	0.1757142857142857	0.26357142857142857
0.2815750371471025	0.2555720653789004	0.10029717682020803	0.362555720653789

MOTIF filter17
letter-probability matrix: alength= 4 w= 16 
0.27155599603567887	0.3389494549058474	0.19326065411298315	0.1962338949454906
0.2880698351115422	0.3433559650824442	0.06498545101842872	0.30358874878758485
0.34197886647454373	0.21902017291066284	0.14505283381364073	0.29394812680115273
0.28530259365994237	0.11335254562920269	0.06628242074927954	0.5350624399615754
0.3400576368876081	0.07973102785782901	0.007684918347742555	0.5725264169068204
0.15177713736791545	0.36983669548511044	0.0009606147934678194	0.47742555235350626
0.03554274735830932	0.01921229586935639	0.0	0.9452449567723343
0.011527377521613832	0.0009606147934678194	0.0	0.9875120076849183
0.0009606147934678194	0.0	0.0	0.9990393852065321
0.0019212295869356388	0.7694524495677233	0.0	0.228626320845341
0.12776176753121998	0.012487992315081652	0.01921229586935639	0.840537944284342
0.39271255060728744	0.14271255060728744	0.20951417004048584	0.2550607287449393
0.2720739219712526	0.12422997946611909	0.1324435318275154	0.47125256673511295
0.2595338983050847	0.3834745762711864	0.1716101694915254	0.1853813559322034
0.1857451403887689	0.265658747300216	0.12742980561555076	0.42116630669546434
0.2195945945945946	0.1858108108108108	0.15878378378378377	0.4358108108108108

MOTIF filter18
letter-probability matrix: alength= 4 w= 16 
0.3655536028119508	0.5377855887521968	0.050966608084358524	0.04569420035149385
0.07381370826010544	0.3251318101933216	0.033391915641476276	0.5676625659050967
0.38312829525483305	0.005272407732864675	0.2038664323374341	0.4077328646748682
0.2530755711775044	0.6836555360281195	0.029876977152899824	0.033391915641476276
0.13532513181019332	0.05975395430579965	0.026362038664323375	0.7785588752196837
0.45869947275922673	0.1054481546572935	0.4007029876977153	0.0351493848857645
0.7680140597539543	0.0843585237258348	0.07205623901581722	0.07557117750439367
0.687170474516696	0.1968365553602812	0.0017574692442882249	0.11423550087873462
0.1335676625659051	0.10017574692442882	0.05799648506151142	0.7082601054481547
0.02460456942003515	0.3866432337434095	0.06678383128295255	0.5219683655536028
0.08611599297012303	0.13005272407732865	0.02460456942003515	0.7592267135325131
0.08963093145869948	0.3022847100175747	0.050966608084358524	0.5571177504393673
0.02112676056338028	0.11971830985915492	0.8151408450704225	0.04401408450704225
0.005319148936170213	0.5354609929078015	0.45390070921985815	0.005319148936170213
0.2844364937388193	0.17173524150268335	0.2146690518783542	0.3291592128801431
0.1559633027522936	0.1981651376146789	0.07155963302752294	0.5743119266055046

MOTIF filter19
letter-probability matrix: alength= 4 w= 16 
0.13184584178498987	0.45030425963488846	0.1328600405679513	0.28498985801217036
0.79839518555667	0.0	0.0050150451354062184	0.19658976930792377
0.24776119402985075	0.6597014925373135	0.04079601990049751	0.051741293532338306
0.0029850746268656717	0.01691542288557214	0.5164179104477612	0.46368159203980097
0.309452736318408	0.16517412935323383	0.4427860696517413	0.08258706467661692
0.2228855721393035	0.1054726368159204	0.23283582089552238	0.4388059701492537
0.2527363184079602	0.0845771144278607	0.3522388059701492	0.31044776119402984
0.43283582089552236	0.07860696517412935	0.36716417910447763	0.12139303482587065
0.8039800995024876	0.06766169154228856	0.031840796019900496	0.09651741293532339
0.39800995024875624	0.13333333333333333	0.2228855721393035	0.24577114427860697
0.1681592039800995	0.20497512437810944	0.3572139303482587	0.26965174129353237
0.16616915422885573	0.3582089552238806	0.3353233830845771	0.14029850746268657
0.012935323383084577	0.1263681592039801	0.8597014925373134	0.0009950248756218905
0.0029850746268656717	0.9522388059701492	0.04477611940298507	0.0
0.028942115768463075	0.7285429141716567	0.20958083832335328	0.03293413173652695
0.0412796697626419	0.6893704850361198	0.048503611971104234	0.22084623323013416

MOTIF filter20
letter-probability matrix: alength= 4 w= 16 
0.3470483005366726	0.023255813953488372	0.5635062611806798	0.06618962432915922
0.9445438282647585	0.0	0.03935599284436494	0.016100178890876567
0.06976744186046512	0.9302325581395349	0.0	0.0
0.0017889087656529517	0.016100178890876567	0.06618962432915922	0.9159212880143113
0.2826475849731664	0.12343470483005367	0.42397137745974955	0.16994633273703041
0.46511627906976744	0.2558139534883721	0.12701252236135957	0.1520572450805009
0.5474060822898033	0.1735241502683363	0.07155635062611806	0.2075134168157424
0.12164579606440072	0.590339892665474	0.12164579606440072	0.16636851520572452
0.16100178890876565	0.08765652951699464	0.10554561717352415	0.6457960644007156
0.48300536672629696	0.07334525939177101	0.16457960644007155	0.27906976744186046
0.6028622540250447	0.09838998211091235	0.04114490161001789	0.25760286225402507
0.3756708407871199	0.025044722719141325	0.3631484794275492	0.23613595706618962
0.028622540250447227	0.738819320214669	0.21288014311270126	0.01967799642218247
0.0017921146953405018	0.7813620071684588	0.02867383512544803	0.1881720430107527
0.2931654676258993	0.030575539568345324	0.03776978417266187	0.6384892086330936
0.44216417910447764	0.10820895522388059	0.31716417910447764	0.13246268656716417

MOTIF filter21
letter-probability matrix: alength= 4 w= 16 
0.7019299499642602	0.06719085060757685	0.1529664045746962	0.07791279485346676
0.6687988628287136	0.0	0.052594171997157074	0.27860696517412936
0.6069651741293532	0.0035536602700781805	0.02203269367448472	0.3674484719260839
0.9964488636363636	0.0	0.0	0.0035511363636363635
0.26136363636363635	0.0	0.6242897727272727	0.11434659090909091
0.9907670454545454	0.0	0.005681818181818182	0.0035511363636363635
0.53125	0.005681818181818182	0.1825284090909091	0.2805397727272727
0.5291193181818182	0.017045454545454544	0.3302556818181818	0.12357954545454546
0.6178977272727273	0.08735795454545454	0.2549715909090909	0.03977272727272727
0.39417613636363635	0.12571022727272727	0.14417613636363635	0.3359375
0.20667613636363635	0.3274147727272727	0.41051136363636365	0.05539772727272727
0.39528234453180844	0.17369549678341673	0.18656182987848463	0.2444603288062902
0.45017921146953405	0.2860215053763441	0.21577060931899641	0.04802867383512545
0.5471146822498174	0.14901387874360847	0.08546384222059898	0.21840759678597516
0.1822289156626506	0.2733433734939759	0.3230421686746988	0.2213855421686747
0.25380304243394713	0.21056845476381106	0.3915132105684548	0.14411529223378702

MOTIF filter22
letter-probability matrix: alength= 4 w= 16 
0.41569086651053866	0.08548009367681499	0.01873536299765808	0.48009367681498827
0.6463547334058759	0.12187159956474429	0.026115342763873776	0.20565832426550598
0.33368091762252344	0.3607924921793535	0.264859228362878	0.040667361835245046
0.3315954118873827	0.02502606882168926	0.2492179353493222	0.39416058394160586
0.6903023983315955	0.2961418143899896	0.0	0.013555787278415016
0.0	0.5745568300312826	0.0	0.4254431699687174
0.07716371220020855	0.3806047966631908	0.1334723670490094	0.40875912408759124
0.6527632950990615	0.005213764337851929	0.006256517205422315	0.3357664233576642
0.4932221063607925	0.07612095933263817	0.1897810218978102	0.24087591240875914
0.09697601668404589	0.08029197080291971	0.21689259645464026	0.6058394160583942
0.047966631908237745	0.021897810218978103	0.30552659019812306	0.6246089676746611
0.0020855057351407717	0.13138686131386862	0.8133472367049009	0.053180396246089674
0.0010427528675703858	0.13451511991657977	0.8331595411887383	0.03128258602711158
0.0010438413361169101	0.5657620041753654	0.4279749478079332	0.005219206680584551
0.5189473684210526	0.15894736842105264	0.08210526315789474	0.24
0.622437971952535	0.04854368932038835	0.18122977346278318	0.14778856526429343

MOTIF filter23
letter-probability matrix: alength= 4 w= 16 
0.32950191570881227	0.09195402298850575	0.038314176245210725	0.5402298850574713
0.18007662835249041	0.40229885057471265	0.19923371647509577	0.21839080459770116
0.23371647509578544	0.034482758620689655	0.07662835249042145	0.6551724137931034
0.0038314176245210726	0.3371647509578544	0.10727969348659004	0.5517241379310345
0.019157088122605363	0.2222222222222222	0.07662835249042145	0.6819923371647509
0.1532567049808429	0.3065134099616858	0.28735632183908044	0.25287356321839083
0.3218390804597701	0.04597701149425287	0.4942528735632184	0.13793103448275862
0.8888888888888888	0.034482758620689655	0.07662835249042145	0.0
0.8773946360153256	0.02681992337164751	0.09195402298850575	0.0038314176245210726
0.8773946360153256	0.06896551724137931	0.0038314176245210726	0.04980842911877394
0.09578544061302682	0.13026819923371646	0.08812260536398467	0.685823754789272
0.007662835249042145	0.022988505747126436	0.0038314176245210726	0.9655172413793104
0.007662835249042145	0.05747126436781609	0.02681992337164751	0.9080459770114943
0.01532567049808429	0.578544061302682	0.011494252873563218	0.3946360153256705
0.016597510373443983	0.21161825726141079	0.2821576763485477	0.4896265560165975
0.21212121212121213	0.22943722943722944	0.12121212121212122	0.43722943722943725

MOTIF filter24
letter-probability matrix: alength= 4 w= 16 
0.3054989816700611	0.06313645621181263	0.0814663951120163	0.5498981670061099
0.17515274949083504	0.32179226069246436	0.10590631364562118	0.3971486761710794
0.13034623217922606	0.19959266802443992	0.026476578411405296	0.6435845213849287
0.038696537678207736	0.3890020366598778	0.07128309572301425	0.5010183299389002
0.25865580448065173	0.1079429735234216	0.15274949083503056	0.48065173116089616
0.3014256619144603	0.06517311608961303	0.04073319755600815	0.5926680244399185
0.20570264765784113	0.1446028513238289	0.012219959266802444	0.6374745417515275
0.1894093686354379	0.20570264765784113	0.020366598778004074	0.5845213849287169
0.09368635437881874	0.14867617107942974	0.002036659877800407	0.7556008146639511
0.4134419551934827	0.18126272912423624	0.03665987780040733	0.36863543788187375
0.5519348268839104	0.1710794297352342	0.23625254582484725	0.04073319755600815
0.3665987780040733	0.012219959266802444	0.5437881873727087	0.07739307535641547
0.006109979633401222	0.002036659877800407	0.9918533604887984	0.0
0.0	0.9816700610997964	0.018329938900203666	0.0
0.0	0.34355828220858897	0.053169734151329244	0.6032719836400818
0.46008403361344535	0.08403361344537816	0.07983193277310924	0.3760504201680672

MOTIF filter25
letter-probability matrix: alength= 4 w= 16 
0.15854398382204246	0.3223458038422649	0.3019211324570273	0.21718907987866531
0.6030465949820788	0.06792114695340502	0.2482078853046595	0.08082437275985663
0.2849462365591398	0.14265232974910394	0.22867383512544803	0.34372759856630825
0.9904362024725916	0.004082108700723117	0.00011663167716351762	0.00536505714952181
0.010263587590389549	0.002332633543270352	0.9816888266853278	0.005714952181012363
0.9310706787963611	0.004198740377886634	0.039421506881268956	0.025309073944483323
0.14007464427338465	0.08630744110100304	0.6530207604385351	0.12059715418707721
0.330767436435736	0.22544903195707955	0.06811289946349429	0.37567063214369023
0.16118497783998134	0.17564730580825752	0.5649638441800793	0.09820387217168183
0.08082575227431771	0.20363890832750176	0.2948448798693725	0.420690459528808
0.23792862141357593	0.39234896197807323	0.10368556099836716	0.2660368556099837
0.3237939493049877	0.1707744422380563	0.3097768952225207	0.19565471323443523
0.29427570093457944	0.09450934579439252	0.15151869158878506	0.459696261682243
0.1534850973949777	0.2565125557380897	0.24653837127434874	0.3434639755925839
0.562640482668875	0.034898852478410035	0.28510587956938366	0.11735478528333136
0.19678472138281156	0.08412909464523148	0.29602320802610904	0.42306297594584796

MOTIF filter26
letter-probability matrix: alength= 4 w= 16 
0.5311720698254364	0.046550290939318374	0.038237738985868665	0.38403990024937656
0.02549342105263158	0.2911184210526316	0.587171052631579	0.0962171052631579
0.07976973684210527	0.17516447368421054	0.6143092105263158	0.13075657894736842
0.6775777414075287	0.1309328968903437	0.0662847790507365	0.12520458265139117
0.08503679476696648	0.1937857726901063	0.07277187244480784	0.6484055600981193
0.3687653311529027	0.16843826655764513	0.446443172526574	0.016353229762878167
0.5143090760425184	0.26001635322976285	0.01062959934587081	0.21504497138184792
0.9223221586263287	0.01553556827473426	0.04987735077677841	0.012264922322158627
0.1471790678659035	0.27800490596892885	0.022894521668029435	0.5519215044971382
0.5576451349141456	0.03679476696647588	0.22976287816843827	0.1757972199509403
0.214227309893704	0.08912510220768602	0.10139002452984465	0.5952575633687653
0.09239574816026165	0.01062959934587081	0.446443172526574	0.45053147996729354
0.044153720359771054	0.17089125102207686	0.7350776778413737	0.04987735077677841
0.024549918166939442	0.24959083469721768	0.6211129296235679	0.10474631751227496
0.02800658978583196	0.7372322899505767	0.03459637561779242	0.200164744645799
0.007620660457239628	0.21845893310753597	0.2201524132091448	0.5537679932260796

MOTIF filter27
letter-probability matrix: alength= 4 w= 16 
0.10603112840466926	0.6235408560311284	0.07976653696498054	0.19066147859922178
0.16913123844731978	0.35951940850277264	0.09242144177449169	0.3789279112754159
0.5979667282809612	0.16635859519408502	0.22735674676524953	0.00831792975970425
0.6617375231053605	0.0767097966728281	0.01756007393715342	0.24399260628465805
0.04990757855822551	0.83271719038817	0.0711645101663586	0.04621072088724584
0.11829944547134935	0.32624768946395566	0.027726432532347505	0.5277264325323475
0.34935304990757854	0.15804066543438078	0.20609981515711645	0.28650646950092423
0.2033271719038817	0.24676524953789278	0.31146025878003697	0.23844731977818853
0.20702402957486138	0.36414048059149723	0.05545286506469501	0.3733826247689464
0.4408502772643253	0.05083179297597042	0.2809611829944547	0.22735674676524953
0.2809611829944547	0.20702402957486138	0.42791127541589646	0.08410351201478743
0.013863216266173753	0.06007393715341959	0.9242144177449169	0.0018484288354898336
0.0027726432532347504	0.06931608133086876	0.9279112754158965	0.0
0.0009250693802035153	0.906567992599445	0.09250693802035152	0.0
0.0027829313543599257	0.34415584415584416	0.4962894248608534	0.1567717996289425
0.26901140684410646	0.2252851711026616	0.4429657794676806	0.06273764258555133

MOTIF filter28
letter-probability matrix: alength= 4 w= 16 
0.793002915451895	0.026239067055393587	0.1282798833819242	0.052478134110787174
0.008746355685131196	0.922740524781341	0.0597667638483965	0.008746355685131196
0.39136690647482014	0.12661870503597122	0.10071942446043165	0.381294964028777
0.1841726618705036	0.2517985611510791	0.4906474820143885	0.07338129496402877
0.32661870503597124	0.45611510791366905	0.14820143884892087	0.06906474820143885
0.03741007194244604	0.4892086330935252	0.07338129496402877	0.4
0.2647482014388489	0.3251798561151079	0.20719424460431654	0.20287769784172663
0.6028776978417266	0.11654676258992806	0.03741007194244604	0.24316546762589927
0.37985611510791367	0.1697841726618705	0.06906474820143885	0.381294964028777
0.22446043165467625	0.14532374100719425	0.0057553956834532375	0.6244604316546762
0.06618705035971223	0.260431654676259	0.13956834532374102	0.5338129496402878
0.20863309352517986	0.18992805755395684	0.4	0.2014388489208633
0.0057553956834532375	0.0057553956834532375	0.9884892086330935	0.0
0.0	0.8302158273381295	0.1697841726618705	0.0
0.001440922190201729	0.3357348703170029	0.0	0.6628242074927954
0.27794117647058825	0.0014705882352941176	0.13823529411764707	0.5823529411764706

MOTIF filter29
letter-probability matrix: alength= 4 w= 16 
0.026143790849673203	0.4128540305010893	0.29302832244008714	0.2679738562091503
0.034858387799564274	0.42701525054466233	0.3137254901960784	0.22440087145969498
0.014161220043572984	0.3627450980392157	0.05773420479302832	0.565359477124183
0.02832244008714597	0.4793028322440087	0.1721132897603486	0.3202614379084967
0.006535947712418301	0.13616557734204793	0.681917211328976	0.17538126361655773
0.02287581699346405	0.49564270152505446	0.2374727668845316	0.2440087145969499
0.07625272331154684	0.4150326797385621	0.18845315904139434	0.3202614379084967
0.03376906318082789	0.20261437908496732	0.6437908496732027	0.11982570806100218
0.004357298474945534	0.6034858387799564	0.1579520697167756	0.23420479302832245
0.0032679738562091504	0.7026143790849673	0.026143790849673203	0.2679738562091503
0.19498910675381265	0.5751633986928104	0.18627450980392157	0.04357298474945534
0.11546840958605664	0.010893246187363835	0.008714596949891068	0.8649237472766884
0.05337690631808279	0.4989106753812636	0.0	0.4477124183006536
0.8997821350762527	0.002178649237472767	0.09694989106753812	0.0010893246187363835
0.006607929515418502	0.30947136563876654	0.03303964757709251	0.6508810572687225
0.3831242873432155	0.25997719498289623	0.16875712656784492	0.18814139110604333

MOTIF filter30
letter-probability matrix: alength= 4 w= 16 
0.1383248730964467	0.1865482233502538	0.6135786802030457	0.061548223350253804
0.27754364840457557	0.21914509331727874	0.4286574352799518	0.07465382299819386
0.42911877394636017	0.21565407772304324	0.26929392446633826	0.08593322386425835
0.4062992125984252	0.07191601049868766	0.46981627296587924	0.05196850393700787
0.30259806418746815	0.012226184411614875	0.6693835965359144	0.015792154865002548
0.2924095771777891	0.024961793173713703	0.5425369332654101	0.1400916963830871
0.435048395313296	0.17880794701986755	0.2954661232806928	0.09067753438614366
0.1497707590422822	0.7269485481406012	0.038206826286296486	0.08507386653082018
0.005094243504839531	0.9378502292409577	0.021395822720326033	0.03565970453387672
0.11614875191034131	0.8507386653082017	0.02547121752419766	0.007641365257259297
0.37748344370860926	0.26235354049923587	0.11309220580743759	0.24707080998471728
0.2750891492613347	0.06622516556291391	0.44167091186958735	0.21701477330616403
0.27356087620988284	0.00967906265919511	0.6851757514009169	0.031584309730005096
0.062213156552779196	0.0005099439061703213	0.8526262111167772	0.08465068842427333
0.26351003602676276	0.0195573854863613	0.4518785383427689	0.26505404014410705
0.5894004282655246	0.09635974304068523	0.2762312633832976	0.03800856531049251

MOTIF filter31
letter-probability matrix: alength= 4 w= 16 
0.1528031290743155	0.28448500651890485	0.13559322033898305	0.4271186440677966
0.17243146297719703	0.08147578785549578	0.1652574942352037	0.5808352549321035
0.09479887266205483	0.08967460927491673	0.7829874455547016	0.03253907250832693
0.11837048424289008	0.2933640789136562	0.033051498847040735	0.555213937996413
