MEME version 4

ALPHABET= ACGU

strands: + -

Background letter frequencies
A 0.25 C 0.25 G 0.25 U 0.25

MOTIF filter0
letter-probability matrix: alength= 4 w= 16 
0.49717889147029537	0.043478260869565216	0.4198473282442748	0.039495519415864586
0.26672950047125354	0.11592836946277098	0.5931511153000314	0.02419101476594408
0.5906432748538012	0.005263157894736842	0.356140350877193	0.047953216374269005
0.33381966734753427	0.1301429822001751	0.3898453457834841	0.14619200466880652
0.499854184893555	0.17293671624380286	0.11227763196267133	0.21493146689997084
0.5078671328671329	0.044580419580419584	0.13024475524475523	0.3173076923076923
0.04487179487179487	0.09032634032634032	0.47494172494172493	0.38986013986013984
0.16637529137529136	0.09032634032634032	0.22231934731934733	0.5209790209790209
0.8141025641025641	0.002331002331002331	0.16433566433566432	0.019230769230769232
0.29953379953379955	0.2974941724941725	0.38986013986013984	0.013111888111888112
0.699009324009324	0.0026223776223776225	0.20745920745920746	0.09090909090909091
0.0	0.7016317016317016	0.0026223776223776225	0.29574592074592077
0.09857101195683873	0.0673665791776028	0.015748031496062992	0.8183143773694955
0.6334113516676418	0.09362200117027501	0.12843768285547102	0.14452896430661205
0.25985874043555035	0.33843437316068276	0.24749852854620366	0.15420835785756326
0.008395802098950524	0.0863568215892054	0.632983508245877	0.27226386806596703

MOTIF filter1
letter-probability matrix: alength= 4 w= 16 
0.3150684931506849	0.1050228310502283	0.2054794520547945	0.3744292237442922
0.30357142857142855	0.20535714285714285	0.16517857142857142	0.32589285714285715
0.28	0.2311111111111111	0.17333333333333334	0.31555555555555553
0.3511111111111111	0.20444444444444446	0.12444444444444444	0.32
0.3333333333333333	0.4222222222222222	0.02666666666666667	0.21777777777777776
0.25333333333333335	0.4888888888888889	0.0044444444444444444	0.25333333333333335
0.2088888888888889	0.6711111111111111	0.008888888888888889	0.1111111111111111
0.14222222222222222	0.7155555555555555	0.0	0.14222222222222222
0.31555555555555553	0.4088888888888889	0.0	0.27555555555555555
0.1688888888888889	0.03111111111111111	0.0	0.8
0.2088888888888889	0.0	0.0	0.7911111111111111
0.38222222222222224	0.08444444444444445	0.0	0.5333333333333333
0.0	1.0	0.0	0.0
0.0	1.0	0.0	0.0
0.0	0.9066666666666666	0.0	0.09333333333333334
0.45495495495495497	0.06306306306306306	0.009009009009009009	0.47297297297297297

MOTIF filter2
letter-probability matrix: alength= 4 w= 16 
0.15561758548499652	0.10956036287508723	0.6629448709002094	0.0718771807397069
0.2804726368159204	0.01554726368159204	0.681592039800995	0.022388059701492536
0.03229813664596273	0.0006211180124223603	0.9180124223602485	0.04906832298136646
0.004347826086956522	0.014285714285714285	0.9639751552795031	0.017391304347826087
0.002484472049689441	0.06335403726708075	0.8633540372670807	0.07080745341614907
0.9043478260869565	0.009937888198757764	0.02608695652173913	0.05962732919254658
0.4124223602484472	0.22298136645962732	0.0422360248447205	0.32236024844720496
0.1608695652173913	0.15527950310559005	0.4813664596273292	0.20248447204968945
0.24782608695652175	0.153416149068323	0.3838509316770186	0.21490683229813665
0.13788819875776398	0.18198757763975154	0.3559006211180124	0.3242236024844721
0.09627329192546584	0.268944099378882	0.10993788819875776	0.5248447204968945
0.45087064676616917	0.010572139303482588	0.138681592039801	0.39987562189054726
0.07040498442367601	0.5059190031152648	0.2778816199376947	0.14579439252336449
0.4507836990595611	0.016927899686520375	0.29780564263322884	0.23448275862068965
0.20279720279720279	0.08328035600762873	0.5619834710743802	0.1519389701207883
0.1318242343541944	0.19840213049267644	0.42676431424766975	0.24300932090545938

MOTIF filter3
letter-probability matrix: alength= 4 w= 16 
0.7119645494830132	0.0014771048744460858	0.16100443131462333	0.1255539143279173
0.0310192023633678	0.9025110782865583	0.025110782865583457	0.0413589364844904
0.11669128508124077	0.0	0.16395864106351551	0.7193500738552437
0.0930576070901034	0.3663220088626292	0.07090103397341212	0.46971935007385524
0.2259970457902511	0.03545051698670606	0.12703101920236337	0.6115214180206795
0.6528803545051699	0.051698670605613	0.21565731166912852	0.07976366322008863
0.5214180206794683	0.2983751846381093	0.028064992614475627	0.15214180206794684
0.051698670605613	0.6070901033973413	0.19793205317577547	0.1432791728212703
0.12998522895125553	0.0620384047267356	0.654357459379616	0.1536189069423929
0.047267355982274745	0.8005908419497785	0.12998522895125553	0.022156573116691284
0.13884785819793205	0.047267355982274745	0.16395864106351551	0.6499261447562777
0.3175775480059084	0.5627769571639586	0.07533234859675036	0.04431314623338257
0.2688330871491876	0.0103397341211226	0.2895125553914328	0.43131462333825704
0.14222222222222222	0.2785185185185185	0.5718518518518518	0.007407407407407408
0.02225519287833828	0.05192878338278932	0.6661721068249258	0.2596439169139466
0.16104294478527606	0.08128834355828221	0.6119631901840491	0.14570552147239263

MOTIF filter4
letter-probability matrix: alength= 4 w= 16 
0.5420875420875421	0.16947250280583614	0.20202020202020202	0.08641975308641975
0.10213243546576879	0.1425364758698092	0.26823793490460157	0.48709315375982043
0.3344226579520697	0.3562091503267974	0.05337690631808279	0.2559912854030501
0.06086956521739131	0.4543478260869565	0.2684782608695652	0.21630434782608696
0.24021739130434783	0.34347826086956523	0.14130434782608695	0.275
0.5402173913043479	0.014130434782608696	0.1891304347826087	0.2565217391304348
0.13695652173913042	0.0	0.8619565217391304	0.0010869565217391304
0.0	0.002173913043478261	0.0	0.9978260869565218
0.0	0.0	1.0	0.0
0.49782608695652175	0.0	0.45	0.05217391304347826
0.45	0.17065217391304346	0.005434782608695652	0.3739130434782609
0.16195652173913044	0.3576086956521739	0.34130434782608693	0.1391304347826087
0.023939064200217627	0.23721436343852012	0.2295973884657236	0.5092491838955386
0.05125408942202835	0.07742639040348964	0.0021810250817884407	0.8691384950926936
0.32233223322332233	0.4752475247524752	0.0968096809680968	0.10561056105610561
0.4732650739476678	0.15358361774744028	0.12627986348122866	0.24687144482366324

MOTIF filter5
letter-probability matrix: alength= 4 w= 16 
0.08325358851674641	0.2980861244019139	0.30239234449760766	0.31626794258373203
0.38202247191011235	0.49752808988764047	0.05707865168539326	0.06337078651685393
0.41567796610169494	0.15508474576271186	0.23728813559322035	0.19194915254237288
0.31864406779661014	0.0288135593220339	0.5483050847457627	0.10423728813559321
0.27796610169491526	0.17584745762711865	0.006355932203389831	0.5398305084745763
0.025	0.050423728813559325	0.8796610169491526	0.044915254237288135
0.00847457627118644	0.005084745762711864	0.00211864406779661	0.9843220338983051
0.04957627118644068	0.5495762711864407	0.33347457627118643	0.06737288135593221
0.38813559322033897	0.3152542372881356	0.10677966101694915	0.18983050847457628
0.5966101694915255	0.16186440677966102	0.16228813559322033	0.07923728813559322
0.7572033898305085	0.04703389830508475	0.03940677966101695	0.15635593220338984
0.5345485375158966	0.09792284866468842	0.24629080118694363	0.12123781263247138
0.3132427843803056	0.2644312393887946	0.1464346349745331	0.2758913412563667
0.01447424435930183	0.7896977437207322	0.08386547467007237	0.11196253724989357
0.13536742587021916	0.7266867211001289	0.0365277180919639	0.101418134937688
0.2966934763181412	0.3199285075960679	0.21134941912421806	0.17202859696157283

MOTIF filter6
letter-probability matrix: alength= 4 w= 16 
0.11961057023643949	0.2566063977746871	0.27746870653685674	0.3463143254520167
0.5215404699738904	0.048302872062663184	0.12336814621409922	0.30678851174934724
0.2651699029126214	0.28701456310679613	0.2032766990291262	0.2445388349514563
0.3207660083782166	0.05565529622980251	0.5445840813883902	0.07899461400359066
0.1357142857142857	0.05119047619047619	0.7833333333333333	0.02976190476190476
0.03511904761904762	0.29285714285714287	0.643452380952381	0.02857142857142857
0.5589285714285714	0.10892857142857143	0.23154761904761906	0.1005952380952381
0.023214285714285715	0.8958333333333334	0.01369047619047619	0.06726190476190476
0.1738095238095238	0.07559523809523809	0.027976190476190477	0.7226190476190476
0.7178571428571429	0.023214285714285715	0.18392857142857144	0.075
0.019642857142857142	0.9452380952380952	0.024404761904761905	0.010714285714285714
0.35535714285714287	0.0	0.07083333333333333	0.5738095238095238
0.4708333333333333	0.20595238095238094	0.03869047619047619	0.2845238095238095
0.36347305389221557	0.04251497005988024	0.3215568862275449	0.27245508982035926
0.19891500904159132	0.3140446051838457	0.3791440626883665	0.10789632308619651
0.3766314481044127	0.012430080795525171	0.4381603480422623	0.17277812305779988

MOTIF filter7
letter-probability matrix: alength= 4 w= 16 
0.5207547169811321	0.23018867924528302	0.052830188679245285	0.19622641509433963
0.23773584905660378	0.4	0.04905660377358491	0.3132075471698113
0.06741573033707865	0.8426966292134831	0.003745318352059925	0.08614232209737828
0.2808988764044944	0.23595505617977527	0.12734082397003746	0.35580524344569286
0.6067415730337079	0.12734082397003746	0.00749063670411985	0.25842696629213485
0.052434456928838954	0.8539325842696629	0.0149812734082397	0.07865168539325842
0.00749063670411985	0.9588014981273408	0.00749063670411985	0.026217228464419477
0.21348314606741572	0.5617977528089888	0.026217228464419477	0.19850187265917604
0.49812734082397003	0.0149812734082397	0.41198501872659177	0.0749063670411985
0.6853932584269663	0.0	0.21348314606741572	0.10112359550561797
0.2846441947565543	0.018726591760299626	0.4943820224719101	0.20224719101123595
0.0	0.47191011235955055	0.3707865168539326	0.15730337078651685
0.0	0.947565543071161	0.011235955056179775	0.04119850187265917
0.003745318352059925	0.6404494382022472	0.149812734082397	0.20599250936329588
0.4679245283018868	0.022641509433962263	0.2830188679245283	0.22641509433962265
0.7984790874524715	0.030418250950570342	0.022813688212927757	0.1482889733840304

MOTIF filter8
letter-probability matrix: alength= 4 w= 16 
0.06086956521739131	0.5304347826086957	0.13043478260869565	0.2782608695652174
0.02608695652173913	0.5043478260869565	0.33043478260869563	0.1391304347826087
0.12173913043478261	0.7130434782608696	0.06086956521739131	0.10434782608695652
0.10434782608695652	0.5565217391304348	0.1391304347826087	0.2
0.1391304347826087	0.5043478260869565	0.14782608695652175	0.20869565217391303
0.0	0.8260869565217391	0.16521739130434782	0.008695652173913044
0.0	0.9043478260869565	0.05217391304347826	0.043478260869565216
0.02608695652173913	0.8173913043478261	0.09565217391304348	0.06086956521739131
0.0	0.8782608695652174	0.034782608695652174	0.08695652173913043
0.043478260869565216	0.8782608695652174	0.043478260869565216	0.034782608695652174
0.0	0.8782608695652174	0.034782608695652174	0.08695652173913043
0.06956521739130435	0.7478260869565218	0.008695652173913044	0.17391304347826086
0.40869565217391307	0.05217391304347826	0.06956521739130435	0.46956521739130436
0.0	0.8869565217391304	0.043478260869565216	0.06956521739130435
0.391304347826087	0.10434782608695652	0.06956521739130435	0.43478260869565216
0.14414414414414414	0.5765765765765766	0.14414414414414414	0.13513513513513514

MOTIF filter9
letter-probability matrix: alength= 4 w= 16 
0.171455938697318	0.5584291187739464	0.04789272030651341	0.2222222222222222
0.42065009560229444	0.20076481835564053	0.052581261950286805	0.3260038240917782
0.7606907894736842	0.19490131578947367	0.007401315789473684	0.03700657894736842
0.19078947368421054	0.4128289473684211	0.34868421052631576	0.047697368421052634
0.6726973684210527	0.16447368421052633	0.007401315789473684	0.15542763157894737
0.019736842105263157	0.3379934210526316	0.07648026315789473	0.5657894736842105
0.004934210526315789	0.07730263157894737	0.2902960526315789	0.6274671052631579
0.19901315789473684	0.0008223684210526315	0.09950657894736842	0.7006578947368421
0.696546052631579	0.03289473684210526	0.07401315789473684	0.19654605263157895
0.6225328947368421	0.26069078947368424	0.08305921052631579	0.033717105263157895
0.27713815789473684	0.4136513157894737	0.11266447368421052	0.19654605263157895
0.03536184210526316	0.18585526315789475	0.743421052631579	0.03536184210526316
0.1356907894736842	0.0008223684210526315	0.8067434210526315	0.05674342105263158
0.3033800494641385	0.1079967023907667	0.38334707337180546	0.20527617477328935
0.03303055326176713	0.37737407101568954	0.3393889347646573	0.250206440957886
0.000835421888053467	0.822890559732665	0.01670843776106934	0.1595655806182122

MOTIF filter10
letter-probability matrix: alength= 4 w= 16 
0.1207801950487622	0.6781695423855963	0.12603150787696923	0.07501875468867217
0.003000750187546887	0.021005251312828207	0.7456864216054013	0.23030757689422354
0.030007501875468866	0.16504126031507876	0.5101275318829708	0.2948237059264816
0.10577644411102775	0.4088522130532633	0.2220555138784696	0.2633158289572393
0.2108027006751688	0.38484621155288823	0.08777194298574643	0.31657914478619653
0.10877719429857464	0.15828957239309827	0.3015753938484621	0.43135783945986494
0.021005251312828207	0.6256564141035259	0.34583645911477867	0.007501875468867217
0.0007501875468867217	0.9287321830457614	0.06451612903225806	0.006001500375093774
0.3878469617404351	0.4643660915228807	0.08327081770442611	0.06451612903225806
0.024006001500375095	0.9467366841710427	0.02700675168792198	0.002250562640660165
0.006001500375093774	0.5543885971492873	0.0037509377344336083	0.4358589647411853
0.4576144036009002	0.14253563390847712	0.3075768942235559	0.09227306826706677
0.29451540195341847	0.3072877535687453	0.30879038317054847	0.08940646130728776
0.25662376987130964	0.10976532929598788	0.2717638152914459	0.3618470855412566
0.07126436781609195	0.4068965517241379	0.42452107279693485	0.09731800766283524
0.7314148681055156	0.050359712230215826	0.18705035971223022	0.03117505995203837

MOTIF filter11
letter-probability matrix: alength= 4 w= 16 
0.03595724003887269	0.7165532879818595	0.04308390022675737	0.20440557175251053
0.3028830579850988	0.01101392938127632	0.6507936507936508	0.03530936183997409
0.12406867508908326	0.7965662455458374	0.004859086491739553	0.07450599287333981
0.5811467444120505	0.3206997084548105	0.03142209264658244	0.06673145448655653
0.420472951085196	0.14512471655328799	0.2001943634596696	0.23420796890184645
0.1460965338516359	0.5114998380304503	0.137674117265954	0.20472951085195984
0.06899902818270165	0.8117913832199547	0.09620991253644315	0.022999676060900552
0.1198574667962423	0.6038224813735018	0.2387431162941367	0.03757693553611921
0.10042112082928409	0.7048914804016845	0.148364107547781	0.0463232912212504
0.06478781988986071	0.38224813735017815	0.21541950113378686	0.33754454162617425
0.08973113054745707	0.394881762228701	0.4305150631681244	0.08487204405571752
0.4459941615309763	0.3480376256892637	0.11449886474213429	0.09146934803762569
0.04230393752033843	0.15392124959323136	0.1672632606573381	0.6365115522290921
0.3935505100361961	0.2349457058242843	0.32477788746298125	0.046725896676538335
0.12508361204013377	0.12809364548494984	0.5879598662207358	0.1588628762541806
0.053172633817795106	0.2967032967032967	0.28642325416518966	0.36370081531371856

MOTIF filter12
letter-probability matrix: alength= 4 w= 16 
0.5560949298813377	0.03344120819848975	0.2745415318230852	0.13592233009708737
0.3431477516059957	0.10438972162740899	0.12419700214132762	0.4282655246252677
0.4090909090909091	0.02406417112299465	0.04866310160427807	0.5181818181818182
0.6610526315789473	0.06526315789473684	0.016842105263157894	0.25684210526315787
0.5207131620346094	0.0	0.21447299423177765	0.264813843733613
0.4074462506554798	0.046670162558993186	0.3733613004719455	0.17252228631358155
0.43156790770844256	0.18091242789722076	0.1851074986890404	0.20241216570529627
0.37283691662296803	0.0015731515469323545	0.4184583114840063	0.20713162034609334
0.0	0.9989512323020451	0.0005243838489774515	0.0005243838489774515
0.050340849501835344	0.0005243838489774515	0.761929732564237	0.18720503408495018
0.11221814368117462	0.3717881489250131	0.009963293130571578	0.5060304142632407
0.4195070791819612	0.06974305191400104	0.0068169900367068695	0.5039328788673308
0.5204616998950682	0.0036726128016789086	0.2675760755508919	0.20828961175236096
0.1639430680021086	0.12915129151291513	0.23036373220875067	0.4765419082762256
0.49309978768577495	0.1173036093418259	0.1597664543524416	0.22983014861995754
0.13714902807775378	0.010259179265658747	0.6960043196544277	0.15658747300215983

MOTIF filter13
letter-probability matrix: alength= 4 w= 16 
0.15294117647058825	0.20168067226890757	0.4588235294117647	0.1865546218487395
0.632279534109817	0.051580698835274545	0.18801996672212978	0.1281198003327787
0.554380664652568	0.1510574018126888	0.022658610271903322	0.2719033232628399
0.23179791976225855	0.24814264487369986	0.42199108469539376	0.09806835066864784
0.09063893016344725	0.10846953937592868	0.7161961367013373	0.08469539375928678
0.45961820851688695	0.03671071953010279	0.49045521292217326	0.013215859030837005
0.2687224669603524	0.12922173274596183	0.5873715124816447	0.014684287812041116
0.2525697503671072	0.09691629955947137	0.6123348017621145	0.0381791483113069
0.020558002936857563	0.8135095447870778	0.15712187958883994	0.00881057268722467
0.13362701908957417	0.09104258443465492	0.49632892804698975	0.2790014684287812
0.033773861967694566	0.8604992657856094	0.03671071953010279	0.06901615271659324
0.6226138032305433	0.20851688693098386	0.11160058737151249	0.05726872246696035
0.010279001468428781	0.6945668135095447	0.00881057268722467	0.28634361233480177
0.9030837004405287	0.0	0.08223201174743025	0.014684287812041116
0.0014684287812041115	0.8002936857562408	0.02643171806167401	0.17180616740088106
0.20389805097451275	0.049475262368815595	0.25787106446776614	0.48875562218890556

MOTIF filter14
letter-probability matrix: alength= 4 w= 16 
0.3787878787878788	0.2878787878787879	0.2727272727272727	0.06060606060606061
0.6842105263157895	0.022556390977443608	0.10526315789473684	0.18796992481203006
0.706766917293233	0.13533834586466165	0.03007518796992481	0.12781954887218044
0.2781954887218045	0.45112781954887216	0.12781954887218044	0.14285714285714285
0.007518796992481203	0.6015037593984962	0.05263157894736842	0.3383458646616541
0.03759398496240601	0.21804511278195488	0.20300751879699247	0.5413533834586466
0.20300751879699247	0.0	0.05263157894736842	0.7443609022556391
0.3533834586466165	0.03007518796992481	0.007518796992481203	0.6090225563909775
0.18045112781954886	0.6766917293233082	0.007518796992481203	0.13533834586466165
0.007518796992481203	0.9548872180451128	0.0	0.03759398496240601
0.03007518796992481	0.3007518796992481	0.5338345864661654	0.13533834586466165
0.8270676691729323	0.0	0.09774436090225563	0.07518796992481203
0.44360902255639095	0.39097744360902253	0.10526315789473684	0.06015037593984962
0.0	0.9699248120300752	0.022556390977443608	0.007518796992481203
0.007518796992481203	0.9548872180451128	0.007518796992481203	0.03007518796992481
0.09774436090225563	0.5413533834586466	0.0	0.3609022556390977

MOTIF filter15
letter-probability matrix: alength= 4 w= 16 
0.008537886872998933	0.0064034151547491995	0.9829242262540021	0.0021344717182497333
0.0	0.04909284951974386	0.9445037353255069	0.0064034151547491995
0.2849519743863394	0.09071504802561366	0.6019210245464247	0.022411953041622197
0.051227321237993596	0.44610458911419426	0.37459978655282816	0.128068303094984
0.19850586979722518	0.144076840981857	0.5144076840981857	0.14300960512273211
0.20277481323372465	0.24332977588046958	0.5336179295624333	0.020277481323372464
0.21451440768409819	0.18890074706510138	0.25933831376734257	0.33724653148345785
0.37139807897545357	0.5218783351120597	0.06296691568836713	0.04375667022411953
0.1526147278548559	0.0576307363927428	0.2550693703308431	0.5346851654215582
0.17822838847385272	0.5602988260405549	0.10352187833511206	0.15795090715048027
0.0288153681963714	0.15795090715048027	0.304162219850587	0.5090715048025614
0.5069370330843116	0.017075773745997867	0.464247598719317	0.011739594450373533
0.052294557097118465	0.6979722518676628	0.21237993596584845	0.03735325506937033
0.47065101387406616	0.0021344717182497333	0.39167556029882605	0.13553895410885805
0.025668449197860963	0.2320855614973262	0.7016042780748664	0.040641711229946524
0.17768147345612134	0.0314192849404117	0.7432286023835319	0.047670639219934995

MOTIF filter16
letter-probability matrix: alength= 4 w= 16 
0.3709043250327654	0.5543905635648755	0.005242463958060288	0.06946264744429882
0.6544502617801047	0.07853403141361257	0.1531413612565445	0.11387434554973822
0.10863874345549739	0.5287958115183246	0.22905759162303665	0.13350785340314136
0.060209424083769635	0.806282722513089	0.017015706806282723	0.11649214659685864
0.014397905759162303	0.9515706806282722	0.02617801047120419	0.007853403141361256
0.02617801047120419	0.8952879581151832	0.013089005235602094	0.06544502617801047
0.04450261780104712	0.9214659685863874	0.010471204188481676	0.02356020942408377
0.003926701570680628	0.7657068062827225	0.20026178010471204	0.030104712041884817
0.1387434554973822	0.518324607329843	0.028795811518324606	0.31413612565445026
0.5091623036649214	0.39790575916230364	0.0693717277486911	0.02356020942408377
0.29842931937172773	0.13219895287958114	0.18848167539267016	0.38089005235602097
0.31585845347313235	0.19790301441677588	0.29357798165137616	0.1926605504587156
0.28608923884514437	0.2545931758530184	0.15354330708661418	0.30577427821522307
0.29161118508655126	0.2796271637816245	0.13715046604527298	0.29161118508655126
0.6653279785809906	0.10307898259705489	0.12182061579651941	0.10977242302543508
0.11586206896551725	0.09655172413793103	0.22206896551724137	0.5655172413793104

MOTIF filter17
letter-probability matrix: alength= 4 w= 16 
0.50385423966363	0.001401541695865452	0.3973370707778556	0.09740714786264891
0.013995801259622114	0.4905528341497551	0.4926522043386984	0.0027991602519244225
0.1492329149232915	0.007670850767085077	0.7580195258019525	0.08507670850767085
0.022315202231520222	0.15550906555090654	0.7887029288702929	0.03347280334728033
0.014644351464435146	0.010460251046025104	0.6394700139470014	0.33542538354253837
0.3103207810320781	0.3319386331938633	0.3214783821478382	0.03626220362622036
0.0801952580195258	0.47629009762900976	0.07810320781032078	0.36541143654114366
0.056485355648535567	0.03695955369595537	0.00697350069735007	0.899581589958159
0.24686192468619247	0.6854951185495118	0.046722454672245464	0.02092050209205021
0.3598326359832636	0.056485355648535567	0.33751743375174337	0.24616457461645747
0.10460251046025104	0.3688981868898187	0.2203626220362622	0.30613668061366806
0.32658757850662945	0.26796929518492674	0.3077459874389393	0.09769713886950454
0.2562849162011173	0.07192737430167598	0.5837988826815642	0.08798882681564246
0.12464788732394366	0.40774647887323945	0.22042253521126762	0.2471830985915493
0.31560283687943264	0.012056737588652482	0.5900709219858156	0.08226950354609928
0.045454545454545456	0.1038961038961039	0.8001443001443002	0.050505050505050504

MOTIF filter18
letter-probability matrix: alength= 4 w= 16 
0.42105263157894735	0.28157894736842104	0.010526315789473684	0.2868421052631579
0.4739583333333333	0.2708333333333333	0.10546875	0.14973958333333334
0.3718104495747266	0.4617253948967193	0.10085054678007291	0.06561360874848117
0.14094775212636695	0.12879708383961117	0.3839611178614824	0.3462940461725395
0.3353584447144593	0.002430133657351154	0.4106925880923451	0.2515188335358445
0.02187120291616039	0.8383961117861483	0.02187120291616039	0.11786148238153099
0.12636695018226002	0.5528554070473876	0.2187120291616039	0.10206561360874848
0.1445929526123937	0.0036452004860267314	0.10206561360874848	0.7496962332928311
0.30133657351154314	0.09356014580801944	0.40340218712029163	0.20170109356014582
0.29404617253948967	0.01701093560145808	0.6391251518833536	0.04981773997569866
0.36816524908869985	0.002430133657351154	0.6233292831105711	0.006075334143377886
0.33657351154313486	0.14580801944106925	0.46051032806804376	0.05710814094775213
0.0	0.9356014580801945	0.06439854191980558	0.0
0.0	0.8590522478736331	0.11786148238153099	0.023086269744835967
0.03288672350791717	0.08160779537149818	0.3166869671132765	0.5688185140073082
0.048994974874371856	0.02386934673366834	0.6934673366834171	0.23366834170854273

MOTIF filter19
letter-probability matrix: alength= 4 w= 16 
0.4213709677419355	0.013440860215053764	0.39448924731182794	0.17069892473118278
0.6098052384150436	0.19677635997313633	0.020819341840161182	0.17259905977165882
0.1356615177971793	0.7555406312961719	0.0047011417058428475	0.10409670920080591
0.2862876254180602	0.5986622073578596	0.05819397993311037	0.056856187290969896
0.12976588628762542	0.35785953177257523	0.2903010033444816	0.22207357859531773
0.31906354515050167	0.10903010033444815	0.43411371237458196	0.13779264214046824
0.43277591973244145	0.12374581939799331	0.12842809364548494	0.31505016722408025
0.4287625418060201	0.40869565217391307	0.08361204013377926	0.07892976588628763
0.6207357859531772	0.2354515050167224	0.06488294314381271	0.07892976588628763
0.2193979933110368	0.024749163879598662	0.023411371237458192	0.7324414715719063
0.0006688963210702341	0.0	0.03879598662207358	0.9605351170568562
0.008695652173913044	0.010702341137123745	0.03076923076923077	0.9498327759197325
0.029470864032150032	0.5646349631614199	0.19758874748827862	0.20830542531815138
0.09530292716133425	0.6296800544588155	0.2539142273655548	0.02110279101429544
0.2524204702627939	0.17427385892116182	0.3789764868603043	0.19432918395573998
0.35534816941852115	0.37185929648241206	0.16367552045944006	0.10911701363962671

MOTIF filter20
letter-probability matrix: alength= 4 w= 16 
0.6321353065539113	0.07681465821000705	0.21141649048625794	0.07963354474982381
0.7093596059113301	0.18578465869106264	0.07600281491907107	0.028852920478536243
0.6822429906542056	0.19450934579439252	0.007593457943925234	0.11565420560747663
0.11390186915887851	0.3148364485981308	0.5426401869158879	0.028621495327102803
0.833041447752481	0.025102159953298307	0.03677758318739054	0.10507880910683012
0.07180385288966724	0.37769994162288384	0.3432574430823117	0.2072387624051372
0.04553415061295972	0.44191476941039115	0.35960303561004087	0.15294804436660828
0.1722124927028605	0.014594279042615295	0.6958552247518972	0.11733800350262696
0.38237011091652073	0.0	0.29071803852889666	0.3269118505545826
0.6217162872154116	0.01284296555750146	0.07705779334500876	0.28838295388207824
0.009340338587273789	0.09982486865148861	0.6077057793345009	0.28312901342673674
0.0011675423234092236	0.6077057793345009	0.15178050204319907	0.23934617629889082
0.033858727378867484	0.2562755399883246	0.666082895504962	0.043782837127845885
0.07899356348741954	0.743124634289058	0.16266822703335285	0.015213575190169689
0.12522045855379188	0.10229276895943562	0.739564961787184	0.03292181069958848
0.4306480920654149	0.10539067231980617	0.37310720775287703	0.09085402786190187

MOTIF filter21
letter-probability matrix: alength= 4 w= 16 
0.45145631067961167	0.30097087378640774	0.06796116504854369	0.1796116504854369
0.5462962962962963	0.24074074074074073	0.08796296296296297	0.125
0.6192660550458715	0.05504587155963303	0.11467889908256881	0.21100917431192662
0.5688073394495413	0.009174311926605505	0.07339449541284404	0.3486238532110092
0.1559633027522936	0.6422018348623854	0.0	0.2018348623853211
0.0	1.0	0.0	0.0
0.022935779816513763	0.9770642201834863	0.0	0.0
0.3348623853211009	0.0	0.11009174311926606	0.555045871559633
0.591743119266055	0.009174311926605505	0.14678899082568808	0.25229357798165136
0.518348623853211	0.0	0.19724770642201836	0.28440366972477066
0.5	0.06422018348623854	0.16972477064220184	0.26605504587155965
0.518348623853211	0.06880733944954129	0.22935779816513763	0.1834862385321101
0.555045871559633	0.27522935779816515	0.05045871559633028	0.11926605504587157
0.0045871559633027525	0.9541284403669725	0.01834862385321101	0.022935779816513763
0.01834862385321101	0.8807339449541285	0.013761467889908258	0.0871559633027523
0.1722488038277512	0.5119617224880383	0.05741626794258373	0.2583732057416268

MOTIF filter22
letter-probability matrix: alength= 4 w= 16 
0.10675675675675676	0.3918918918918919	0.14504504504504503	0.35630630630630633
0.22505494505494505	0.13934065934065934	0.5731868131868132	0.06241758241758242
0.013626373626373627	0.3665934065934066	0.17978021978021977	0.44
0.40331010452961674	0.3131533101045296	0.07360627177700349	0.20993031358885017
0.003484320557491289	0.052700348432055746	0.9425087108013938	0.0013066202090592336
0.028310104529616725	0.4912891986062718	0.2695993031358885	0.21080139372822299
0.033101045296167246	0.9176829268292683	0.005226480836236934	0.043989547038327526
0.017857142857142856	0.3885017421602787	0.42552264808362367	0.1681184668989547
0.0078397212543554	0.43162020905923343	0.3074912891986063	0.2530487804878049
0.023954703832752614	0.9603658536585366	0.003484320557491289	0.012195121951219513
0.057926829268292686	0.1833623693379791	0.2739547038327526	0.4847560975609756
0.33246187363834423	0.3542483660130719	0.026579520697167756	0.2867102396514161
0.14559721011333915	0.19049694856146468	0.0945945945945946	0.5693112467306015
0.5563380281690141	0.06294014084507042	0.24031690140845072	0.14040492957746478
0.24988804299149125	0.09180474697716078	0.19167039856695028	0.46663681146439767
0.43659335517080017	0.2218062704726252	0.08282639213851194	0.2587739822180627

MOTIF filter23
letter-probability matrix: alength= 4 w= 16 
0.430062630480167	0.025052192066805846	0.2630480167014614	0.2818371607515658
0.3900990099009901	0.45742574257425744	0.039603960396039604	0.11287128712871287
0.3486590038314176	0.01532567049808429	0.2950191570881226	0.34099616858237547
0.38257575757575757	0.06439393939393939	0.4810606060606061	0.07196969696969698
0.020833333333333332	0.013257575757575758	0.9602272727272727	0.005681818181818182
0.017045454545454544	0.028409090909090908	0.9545454545454546	0.0
0.007575757575757576	0.10416666666666667	0.8863636363636364	0.001893939393939394
0.020833333333333332	0.5984848484848485	0.29924242424242425	0.08143939393939394
0.12121212121212122	0.6477272727272727	0.06439393939393939	0.16666666666666666
0.22537878787878787	0.4356060606060606	0.16477272727272727	0.17424242424242425
0.07007575757575757	0.8579545454545454	0.03598484848484849	0.03598484848484849
0.6736242884250474	0.030360531309297913	0.2409867172675522	0.05502846299810247
0.11385199240986717	0.43833017077798864	0.17077798861480076	0.27703984819734345
0.7248576850094877	0.017077798861480076	0.16318785578747627	0.09487666034155598
0.05725190839694656	0.07824427480916031	0.7576335877862596	0.10687022900763359
0.34509803921568627	0.1588235294117647	0.27647058823529413	0.2196078431372549

MOTIF filter24
letter-probability matrix: alength= 4 w= 16 
0.10209601081812035	0.13928329952670723	0.7146720757268424	0.04394861392832995
0.26456798392498326	0.06496985934360348	0.6597454789015406	0.010716677829872739
0.02679169457468185	0.4608171466845278	0.3703951774949766	0.1419959812458138
0.016075016744809108	0.13395847287340926	0.33489618218352313	0.5150703281982585
0.33690555927662424	0.04822505023442733	0.5827193569993302	0.032150033489618215
0.021433355659745478	0.9598124581379772	0.007367716008037508	0.011386470194239785
0.8117883456128601	0.0013395847287340924	0.03014065639651708	0.1567314132618888
0.029470864032150032	0.4708640321500335	0.04822505023442733	0.4514400535833891
0.6691225720026792	0.1480241125251172	0.07166778298727394	0.11118553248492967
0.4842598794373744	0.04554588077695914	0.14132618888144674	0.32886805090421967
0.06563965170797052	0.5592766242464836	0.14132618888144674	0.23375753516409914
0.3342263898191561	0.07166778298727394	0.38513060951105155	0.20897521768251842
0.5023442732752846	0.21299397186872068	0.1567314132618888	0.12793034159410582
0.1303763440860215	0.07661290322580645	0.3333333333333333	0.4596774193548387
0.18847457627118644	0.009491525423728813	0.7294915254237289	0.07254237288135593
0.44936708860759494	0.2580872011251758	0.2510548523206751	0.04149085794655415

MOTIF filter25
letter-probability matrix: alength= 4 w= 16 
0.21495327102803738	0.01426463354648303	0.7447122479094933	0.026069847515986226
0.007870142646335464	0.720609936055091	0.24643384161337925	0.025086079685194294
0.12887358583374323	0.0004918839153959665	0.3015248401377275	0.5691096901131333
0.24938514510575505	0.4353172651254304	0.020659124446630595	0.29463846532218396
0.4805705853418593	0.13625184456468273	0.03148057058534186	0.35169699950811606
0.3748155435317265	0.06640432857845549	0.35415641908509593	0.20462370880472208
0.49040826364977863	0.10821446138711265	0.30644367929168714	0.09493359567142154
0.36153467781603543	0.21052631578947367	0.3472700442695524	0.08066896212493851
0.057550418101328084	0.6881455976389572	0.2134776192818495	0.04082636497786522
0.030496802754549926	0.5346778160354156	0.35071323167732416	0.08411214953271028
0.31382193802262665	0.34677816035415643	0.2956222331529759	0.043777668470241025
0.18445646827348747	0.01278898180029513	0.05312346286276439	0.749631087063453
0.0073782587309394985	0.8666994589276931	0.016724053123462864	0.10919822921790458
0.4549950544015826	0.0004945598417408506	0.2799208704253215	0.2645895153313551
0.09168336673346693	0.2560120240480962	0.6177354709418837	0.034569138276553106
0.2658294086865515	0.18628990057561487	0.2736787022501308	0.2742019884877028

MOTIF filter26
letter-probability matrix: alength= 4 w= 16 
0.36075036075036077	0.025974025974025976	0.2813852813852814	0.3318903318903319
0.23115577889447236	0.07681263460157932	0.5671213208901651	0.1249102656137832
0.47038327526132406	0.1602787456445993	0.09059233449477352	0.2787456445993031
0.3296398891966759	0.04986149584487535	0.21537396121883656	0.4051246537396122
0.342797783933518	0.16759002770083103	0.12950138504155126	0.3601108033240997
0.5266067726330339	0.0034554250172771253	0.0110573600552868	0.4588804422944022
0.22805805114029026	0.0	0.18382861091914304	0.5881133379405666
0.5210780926053905	0.3510711817553559	0.020041465100207326	0.1078092605390463
0.1271596406357982	0.0	0.0027643400138217	0.8700760193503801
0.3676572218382861	0.5044920525224602	0.0	0.12785072563925362
0.27574291637871456	0.0	0.00414651002073255	0.7201105736005529
0.48030407740152037	0.1713890808569454	0.0	0.3483068417415342
0.6033172080165861	0.0	0.013130615065653075	0.3835521769177609
0.8089965397923875	0.008304498269896194	0.04152249134948097	0.1411764705882353
0.35899230230930723	0.09307207837648705	0.4653603918824353	0.08257522743177047
0.2731847591660676	0.017253774263120056	0.6024442846872753	0.10711718188353703

MOTIF filter27
letter-probability matrix: alength= 4 w= 16 
0.4088050314465409	0.0440251572327044	0.4559748427672956	0.09119496855345911
0.39067055393586003	0.011661807580174927	0.48104956268221577	0.11661807580174927
0.07514450867052024	0.45664739884393063	0.3930635838150289	0.07514450867052024
0.4583333333333333	0.0	0.46111111111111114	0.08055555555555556
0.025	0.10555555555555556	0.38333333333333336	0.4861111111111111
0.9055555555555556	0.0	0.0	0.09444444444444444
0.16111111111111112	0.6944444444444444	0.0	0.14444444444444443
0.3333333333333333	0.0	0.48055555555555557	0.18611111111111112
0.06388888888888888	0.7166666666666667	0.019444444444444445	0.2
0.06944444444444445	0.03333333333333333	0.011111111111111112	0.8861111111111111
0.9166666666666666	0.0	0.06666666666666667	0.016666666666666666
0.08055555555555556	0.4638888888888889	0.06388888888888888	0.39166666666666666
0.5638888888888889	0.008333333333333333	0.06388888888888888	0.3638888888888889
0.6777777777777778	0.10833333333333334	0.18611111111111112	0.027777777777777776
0.011204481792717087	0.06722689075630252	0.4117647058823529	0.5098039215686274
0.6062322946175638	0.031161473087818695	0.3371104815864023	0.025495750708215296

MOTIF filter28
letter-probability matrix: alength= 4 w= 16 
0.4155844155844156	0.05500381970970206	0.40106951871657753	0.12834224598930483
0.766029246344207	0.021934758155230598	0.17435320584926883	0.03768278965129359
0.2681505034446211	0.013248542660307366	0.6597774244833068	0.058823529411764705
0.3459715639810427	0.0052659294365455505	0.640337019483939	0.00842548709847288
0.4676145339652449	0.04265402843601896	0.4144286466561348	0.07530279094260137
0.9499736703528173	0.0	0.010005265929436546	0.040021063717746184
0.47498683517640866	0.07161664033701948	0.2869931542917325	0.1664033701948394
0.5918904686677199	0.001579778830963665	0.3307003686150606	0.07582938388625593
0.46076882569773564	0.0468667719852554	0.30068457082675093	0.19167983149025802
0.5992627698788836	0.004739336492890996	0.34491837809373355	0.05107951553449184
0.41495523959978936	0.036334913112164295	0.5250131648235914	0.023696682464454975
0.5555555555555556	0.00421274354923644	0.4144286466561348	0.025803054239073198
0.4427359490986214	0.042417815482502653	0.419406150583245	0.09544008483563096
0.4578441835645678	0.04909284951974386	0.4204909284951974	0.07257203842049093
0.4097297297297297	0.09945945945945946	0.4616216216216216	0.02918918918918919
0.2650669642857143	0.12946428571428573	0.5072544642857143	0.09821428571428571

MOTIF filter29
letter-probability matrix: alength= 4 w= 16 
0.23940435280641467	0.3402061855670103	0.2313860252004582	0.18900343642611683
0.36373873873873874	0.15878378378378377	0.3614864864864865	0.11599099099099099
0.7286036036036037	0.0022522522522522522	0.04617117117117117	0.22297297297297297
0.36486486486486486	0.5225225225225225	0.009009009009009009	0.1036036036036036
0.07545045045045046	0.9234234234234234	0.0011261261261261261	0.0
0.033783783783783786	0.7072072072072072	0.0022522522522522522	0.25675675675675674
0.14527027027027026	0.0045045045045045045	0.13175675675675674	0.7184684684684685
0.16554054054054054	0.04842342342342342	0.038288288288288286	0.7477477477477478
0.4605855855855856	0.036036036036036036	0.3918918918918919	0.11148648648648649
0.661036036036036	0.10585585585585586	0.11373873873873874	0.11936936936936937
0.2849099099099099	0.4009009009009009	0.22409909909909909	0.09009009009009009
0.07215332581736189	0.5580608793686584	0.11273957158962795	0.2570462232243517
0.06997742663656885	0.15011286681715574	0.6162528216704289	0.1636568848758465
0.14982973893303064	0.012485811577752554	0.7275822928490352	0.11010215664018161
0.05593607305936073	0.0045662100456621	0.158675799086758	0.7808219178082192
0.2985781990521327	0.0924170616113744	0.41232227488151657	0.1966824644549763

MOTIF filter30
letter-probability matrix: alength= 4 w= 16 
0.38009049773755654	0.27149321266968324	0.03167420814479638	0.3167420814479638
0.0022624434389140274	0.9230769230769231	0.0	0.0746606334841629
0.03167420814479638	0.8506787330316742	0.10633484162895927	0.011312217194570135
0.35294117647058826	0.25339366515837103	0.1425339366515837	0.251131221719457
0.48642533936651583	0.0746606334841629	0.13574660633484162	0.3031674208144796
0.19457013574660634	0.06787330316742081	0.36425339366515835	0.3733031674208145
0.14705882352941177	0.2420814479638009	0.14705882352941177	0.4638009049773756
0.39592760180995473	0.2420814479638009	0.19004524886877827	0.17194570135746606
0.6493212669683258	0.024886877828054297	0.19004524886877827	0.13574660633484162
0.7963800904977375	0.0022624434389140274	0.10180995475113122	0.09954751131221719
0.8257918552036199	0.0022624434389140274	0.042986425339366516	0.12895927601809956
0.5180995475113123	0.06561085972850679	0.21266968325791855	0.20361990950226244
0.12669683257918551	0.3009049773755656	0.3235294117647059	0.248868778280543
0.0022624434389140274	0.9117647058823529	0.013574660633484163	0.07239819004524888
0.004545454545454545	0.8909090909090909	0.05227272727272727	0.05227272727272727
0.06323185011709602	0.7868852459016393	0.01873536299765808	0.13114754098360656

MOTIF filter31
letter-probability matrix: alength= 4 w= 16 
0.7322033898305085	0.059322033898305086	0.13559322033898305	0.07288135593220339
